# omega0=1, alpha=10
# theta0=0.05, theta_dot0=0
# t_start=0, t_end=50, h=0.00911928
#   t          theta(t)                 thetadot(t)       
0  5.000000000000000e-02  0.000000000000000e+00
9.119282013323059e-02 4.984332820728606e-02 -2.985927455356350e-03
1.823856402664613e-01 4.950875735659777e-02 -4.169262149744259e-03
2.735784603996920e-01 4.910453752977563e-02 -4.621963148943552e-03
3.647712805329227e-01 4.867453738384891e-02 -4.778667209824818e-03
4.559641006661534e-01 4.823652153813083e-02 -4.815600936014329e-03
5.471569207993838e-01 4.779767061011136e-02 -4.804215370052164e-03
6.383497409326140e-01 4.736087400381399e-02 -4.773479025606549e-03
7.295425610658441e-01 4.692728139716027e-02 -4.735135365336161e-03
8.207353811990743e-01 4.649733727261846e-02 -4.693943758389648e-03
9.119282013323045e-01 4.607120037890073e-02 -4.651831804305204e-03
1.003121021465535e+00 4.564891380526846e-02 -4.609578944756396e-03
1.094313841598765e+00 4.523047393859132e-02 -4.567499105072976e-03
1.185506661731995e+00 4.481585842115070e-02 -4.525717479779020e-03
1.276699481865225e+00 4.440503748478587e-02 -4.484282758678857e-03
1.367892301998455e+00 4.399797854477884e-02 -4.443212630214479e-03
1.459085122131685e+00 4.359464806082755e-02 -4.402512231236990e-03
1.550277942264916e+00 4.319501228993849e-02 -4.362181627553165e-03
1.641470762398146e+00 4.279903759004756e-02 -4.322218846858220e-03
1.732663582531376e+00 4.240669054149158e-02 -4.282621108326470e-03
1.823856402664606e+00 4.201793799463902e-02 -4.243385321014257e-03
1.915049222797836e+00 4.163274708759437e-02 -4.204508285794163e-03
2.006242042931067e+00 4.125108525178244e-02 -4.165986777083098e-03
2.097434863064297e+00 4.087292021263163e-02 -4.127817575832222e-03
2.188627683197527e+00 4.049821998828369e-02 -4.089997482756381e-03
2.279820503330757e+00 4.012695288751646e-02 -4.052523323552397e-03
2.371013323463987e+00 3.975908750736089e-02 -4.015391950870185e-03
2.462206143597217e+00 3.939459273060705e-02 -3.978600244968268e-03
2.553398963730448e+00 3.903343772327848e-02 -3.942145113836920e-03
2.644591783863678e+00 3.867559193210634e-02 -3.906023493106460e-03
2.735784603996908e+00 3.832102508201667e-02 -3.870232345869465e-03
2.826977424130138e+00 3.796970717363538e-02 -3.834768662469107e-03
2.918170244263368e+00 3.762160848081347e-02 -3.799629460274774e-03
3.009363064396598e+00 3.727669954817286e-02 -3.764811783453557e-03
3.100555884529828e+00 3.693495118867299e-02 -3.730312702741085e-03
3.191748704663059e+00 3.659633448119846e-02 -3.696129315213091e-03
3.282941524796289e+00 3.626082076816730e-02 -3.662258744058308e-03
3.374134344929519e+00 3.592838165316004e-02 -3.628698138352900e-03
3.465327165062749e+00 3.559898899856913e-02 -3.595444672836529e-03
3.556519985195979e+00 3.527261492326874e-02 -3.562495547690077e-03
3.647712805329209e+00 3.494923180030480e-02 -3.529847988315049e-03
3.738905625462440e+00 3.462881225460510e-02 -3.497499245114650e-03
3.830098445595670e+00 3.431132916070916e-02 -3.465446593276529e-03
3.921291265728900e+00 3.399675564051792e-02 -3.433687332557185e-03
4.012484085862130e+00 3.368506506106305e-02 -3.402218787068041e-03
4.103676905995361e+00 3.337623103229563e-02 -3.371038305063167e-03
4.194869726128591e+00 3.307022740489408e-02 -3.340143258728646e-03
4.286062546261821e+00 3.276702826809135e-02 -3.309531043973579e-03
4.377255366395051e+00 3.246660794752098e-02 -3.279199080222735e-03
4.468448186528281e+00 3.216894100308203e-02 -3.249144810210800e-03
4.559641006661511e+00 3.187400222682271e-02 -3.219365699778272e-03
4.650833826794742e+00 3.158176664084255e-02 -3.189859237668947e-03
4.742026646927972e+00 3.129220949521292e-02 -3.160622935329012e-03
4.833219467061202e+00 3.100530626591589e-02 -3.131654326707734e-03
4.924412287194432e+00 3.072103265280109e-02 -3.102950968059737e-03
5.015605107327662e+00 3.043936457756062e-02 -3.074510437748853e-03
5.106797927460892e+00 3.016027818172169e-02 -3.046330336053547e-03
5.197990747594122e+00 2.988374982465700e-02 -3.018408284973902e-03
5.289183567727353e+00 2.960975608161263e-02 -2.990741928040161e-03
5.380376387860583e+00 2.933827374175330e-02 -2.963328930122811e-03
5.471569207993813e+00 2.906927980622490e-02 -2.936166977244207e-03
5.562762028127043e+00 2.880275148623413e-02 -2.909253776391719e-03
5.653954848260273e+00 2.853866620114509e-02 -2.882587055332409e-03
5.745147668393503e+00 2.827700157659273e-02 -2.856164562429208e-03
5.836340488526734e+00 2.801773544261295e-02 -2.829984066458608e-03
5.927533308659964e+00 2.776084583178932e-02 -2.804043356429830e-03
6.018726128793194e+00 2.750631097741619e-02 -2.778340241405497e-03
6.109918948926424e+00 2.725410931167803e-02 -2.752872550323768e-03
6.201111769059654e+00 2.700421946384503e-02 -2.727638131821945e-03
6.292304589192884e+00 2.675662025848469e-02 -2.702634854061540e-03
6.383497409326115e+00 2.651129071368919e-02 -2.677860604554783e-03
6.474690229459345e+00 2.626821003931867e-02 -2.653313289992580e-03
6.565883049592575e+00 2.602735763526004e-02 -2.628990836073893e-03
6.657075869725805e+00 2.578871308970130e-02 -2.604891187336549e-03
6.748268689859035e+00 2.555225617742123e-02 -2.581012306989454e-03
6.839461509992265e+00 2.531796685809435e-02 -2.557352176746217e-03
6.930654330125495e+00 2.508582527461090e-02 -2.533908796660162e-03
7.021847150258726e+00 2.485581175141195e-02 -2.510680184960735e-03
7.113039970391956e+00 2.462790679283915e-02 -2.487664377891273e-03
7.204232790525186e+00 2.440209108149946e-02 -2.464859429548147e-03
7.295425610658416e+00 2.417834547664428e-02 -2.442263411721265e-03
7.386618430791646e+00 2.395665101256319e-02 -2.419874413735918e-03
7.477811250924876e+00 2.373698889699201e-02 -2.397690542295966e-03
7.569004071058107e+00 2.351934050953506e-02 -2.375709921328354e-03
7.660196891191337e+00 2.330368740010163e-02 -2.353930691828948e-03
7.751389711324567e+00 2.309001128735636e-02 -2.332351011709682e-03
7.842582531457797e+00 2.287829405718354e-02 -2.310969055647006e-03
7.933775351591027e+00 2.266851776116519e-02 -2.289783014931629e-03
8.024968171724257e+00 2.246066461507274e-02 -2.268791097319543e-03
8.116160991857488e+00 2.225471699737225e-02 -2.247991526884321e-03
8.207353811990718e+00 2.205065744774309e-02 -2.227382543870684e-03
8.298546632123948e+00 2.184846866560984e-02 -2.206962404549315e-03
8.389739452257178e+00 2.164813350868742e-02 -2.186729381072930e-03
8.480932272390408e+00 2.144963499153928e-02 -2.166681761333584e-03
8.572125092523638e+00 2.125295628414855e-02 -2.146817848821194e-03
8.663317912656868e+00 2.105808071050201e-02 -2.127135962483301e-03
8.754510732790099e+00 2.086499174718685e-02 -2.107634436586023e-03
8.845703552923329e+00 2.067367302199998e-02 -2.088311620576226e-03
8.936896373056559e+00 2.048410831256994e-02 -2.069165878944875e-03
9.028089193189789e+00 2.029628154499113e-02 -2.050195591091571e-03
9.119282013323019e+00 2.011017679247038e-02 -2.031399151190267e-03
9.210474833456249e+00 1.992577827398578e-02 -2.012774968056147e-03
9.301667653589480e+00 1.974307035295742e-02 -1.994321465013658e-03
9.392860473722710e+00 1.956203753593034e-02 -1.976037079765694e-03
9.484053293855940e+00 1.938266447126915e-02 -1.957920264263913e-03
9.575246113989170e+00 1.920493594786456e-02 -1.939969484580196e-03
9.666438934122400e+00 1.902883689385153e-02 -1.922183220779212e-03
9.757631754255630e+00 1.885435237533899e-02 -1.904559966792108e-03
9.848824574388860e+00 1.868146759515105e-02 -1.887098230291295e-03
9.940017394522091e+00 1.851016789157951e-02 -1.869796532566333e-03
1.003121021465532e+01 1.834043873714777e-02 -1.852653408400900e-03
1.012240303478855e+01 1.817226573738578e-02 -1.835667405950845e-03
1.021359585492178e+01 1.800563462961612e-02 -1.818837086623301e-03
1.030478867505501e+01 1.784053128175107e-02 -1.802161024956870e-03
1.039598149518824e+01 1.767694169110050e-02 -1.785637808502847e-03
1.048717431532147e+01 1.751485198319064e-02 -1.769266037707505e-03
1.057836713545470e+01 1.735424841059342e-02 -1.753044325795402e-03
1.066955995558793e+01 1.719511735176650e-02 -1.736971298653722e-03
1.076075277572116e+01 1.703744530990373e-02 -1.721045594717631e-03
1.085194559585439e+01 1.688121891179610e-02 -1.705265864856653e-03
1.094313841598762e+01 1.672642490670293e-02 -1.689630772262036e-03
1.103433123612085e+01 1.657305016523332e-02 -1.674138992335126e-03
1.112552405625408e+01 1.642108167823771e-02 -1.658789212576716e-03
1.121671687638731e+01 1.627050655570954e-02 -1.643580132477383e-03
1.130790969652054e+01 1.612131202569683e-02 -1.628510463408788e-03
1.139910251665377e+01 1.597348543322358e-02 -1.613578928515945e-03
1.149029533678700e+01 1.582701423922104e-02 -1.598784262610441e-03
1.158148815692023e+01 1.568188601946867e-02 -1.584125212064604e-03
1.167268097705346e+01 1.553808846354457e-02 -1.569600534706609e-03
1.176387379718669e+01 1.539560937378568e-02 -1.555208999716519e-03
1.185506661731992e+01 1.525443666425711e-02 -1.540949387523247e-03
1.194625943745315e+01 1.511455835973114e-02 -1.526820489702429e-03
1.203745225758638e+01 1.497596259467524e-02 -1.512821108875218e-03
1.212864507771961e+01 1.483863761224941e-02 -1.498950058607968e-03
1.221983789785284e+01 1.470257176331262e-02 -1.485206163312811e-03
1.231103071798607e+01 1.456775350543823e-02 -1.471588258149131e-03
1.240222353811930e+01 1.443417140193836e-02 -1.458095188925902e-03
1.249341635825254e+01 1.430181412089717e-02 -1.444725812004910e-03
1.258460917838577e+01 1.417067043421290e-02 -1.431478994204826e-03
1.267580199851900e+01 1.404072921664860e-02 -1.418353612706150e-03
1.276699481865223e+01 1.391197944489153e-02 -1.405348554956988e-03
1.285818763878546e+01 1.378441019662107e-02 -1.392462718579687e-03
1.294938045891869e+01 1.365801064958513e-02 -1.379695011278291e-03
1.304057327905192e+01 1.353277008068498e-02 -1.367044350746836e-03
1.313176609918515e+01 1.340867786506837e-02 -1.354509664578459e-03
1.322295891931838e+01 1.328572347523092e-02 -1.342089890175324e-03
1.331415173945161e+01 1.316389648012568e-02 -1.329783974659351e-03
1.340534455958484e+01 1.304318654428080e-02 -1.317590874783751e-03
1.349653737971807e+01 1.292358342692522e-02 -1.305509556845349e-03
1.358773019985130e+01 1.280507698112235e-02 -1.293538996597698e-03
1.367892301998453e+01 1.268765715291159e-02 -1.281678179164966e-03
1.377011584011776e+01 1.257131398045773e-02 -1.269926098956605e-03
1.386130866025099e+01 1.245603759320802e-02 -1.258281759582778e-03
1.395250148038422e+01 1.234181821105699e-02 -1.246744173770550e-03
1.404369430051745e+01 1.222864614351882e-02 -1.235312363280835e-03
1.413488712065068e+01 1.211651178890729e-02 -1.223985358826080e-03
1.422607994078391e+01 1.200540563352322e-02 -1.212762199988701e-03
1.431727276091714e+01 1.189531825084921e-02 -1.201641935140245e-03
1.440846558105037e+01 1.178624030075186e-02 -1.190623621361283e-03
1.449965840118360e+01 1.167816252869118e-02 -1.179706324362024e-03
1.459085122131683e+01 1.157107576493718e-02 -1.168889118403642e-03
1.468204404145006e+01 1.146497092379373e-02 -1.158171086220314e-03
1.477323686158329e+01 1.135983900282929e-02 -1.147551318941961e-03
1.486442968171652e+01 1.125567108211488e-02 -1.137028916017681e-03
1.495562250184975e+01 1.115245832346887e-02 -1.126602985139880e-03
1.504681532198298e+01 1.105019196970863e-02 -1.116272642169081e-03
1.513800814211621e+01 1.094886334390914e-02 -1.106037011059416e-03
1.522920096224944e+01 1.084846384866822e-02 -1.095895223784785e-03
1.532039378238267e+01 1.074898496537855e-02 -1.085846420265688e-03
1.541158660251590e+01 1.065041825350630e-02 -1.075889748296717e-03
1.550277942264913e+01 1.055275534987637e-02 -1.066024363474694e-03
1.559397224278236e+01 1.045598796796413e-02 -1.056249429127474e-03
1.568516506291559e+01 1.036010789719358e-02 -1.046564116243378e-03
1.577635788304882e+01 1.026510700224204e-02 -1.036967603401269e-03
1.586755070318205e+01 1.017097722235107e-02 -1.027459076701266e-03
1.595874352331528e+01 1.007771057064370e-02 -1.018037729696071e-03
1.604993634344851e+01 9.985299133447969e-03 -1.008702763322933e-03
1.614112916358174e+01 9.893735069626540e-03 -9.994533858362178e-04
1.623232198371497e+01 9.803010609912502e-03 -9.902888127405905e-04
1.632351480384820e+01 9.713118056251220e-03 -9.812082667248043e-04
1.641470762398143e+01 9.624049781148192e-03 -9.722109775960884e-04
1.650590044411466e+01 9.535798227022860e-03 -9.632961822151303e-04
1.659709326424789e+01 9.448355905568327e-03 -9.544631244316472e-04
1.668828608438112e+01 9.361715397116929e-03 -9.457110550205398e-04
1.677947890451435e+01 9.275869350011599e-03 -9.370392316186293e-04
1.687067172464758e+01 9.190810479982957e-03 -9.284469186619628e-04
1.696186454478081e+01 9.106531569532126e-03 -9.199333873236902e-04
1.705305736491404e+01 9.023025467319153e-03 -9.114979154525050e-04
1.714425018504727e+01 8.940285087557041e-03 -9.031397875116411e-04
1.723544300518050e+01 8.858303409411308e-03 -8.948582945184265e-04
1.732663582531373e+01 8.777073476405033e-03 -8.866527339843822e-04
1.741782864544696e+01 8.696588395829350e-03 -8.785224098558680e-04
1.750902146558019e+01 8.616841338159318e-03 -8.704666324552654e-04
1.760021428571342e+01 8.537825536475136e-03 -8.624847184226947e-04
1.769140710584665e+01 8.459534285888642e-03 -8.545759906582618e-04
1.778259992597988e+01 8.381960942975077e-03 -8.467397782648309e-04
1.787379274611311e+01 8.305098925210013e-03 -8.389754164913148e-04
1.796498556624634e+01 8.228941710411442e-03 -8.312822466764821e-04
1.805617838637957e+01 8.153482836186979e-03 -8.236596161932752e-04
1.814737120651280e+01 8.078715899386102e-03 -8.161068783936338e-04
1.823856402664603e+01 8.004634555557404e-03 -8.086233925538199e-04
1.832975684677927e+01 7.931232518410816e-03 -8.012085238202423e-04
1.842094966691250e+01 7.858503559284750e-03 -7.938616431557699e-04
1.851214248704573e+01 7.786441506618099e-03 -7.865821272865376e-04
1.860333530717896e+01 7.715040245427070e-03 -7.793693586492322e-04
1.869452812731219e+01 7.644293716786822e-03 -7.722227253388602e-04
1.878572094744542e+01 7.574195917317824e-03 -7.651416210569919e-04
1.887691376757865e+01 7.504740898676920e-03 -7.581254450604736e-04
1.896810658771188e+01 7.435922767053049e-03 -7.511736021106090e-04
1.905929940784511e+01 7.367735682667577e-03 -7.442855024228028e-04
1.915049222797834e+01 7.300173859279202e-03 -7.374605616166621e-04
1.924168504811157e+01 7.233231563693383e-03 -7.306982006665526e-04
1.933287786824480e+01 7.166903115276268e-03 -7.239978458526055e-04
1.942407068837803e+01 7.101182885473059e-03 -7.173589287121705e-04
1.951526350851126e+01 7.036065297330789e-03 -7.107808859917104e-04
1.960645632864449e+01 6.971544825025467e-03 -7.042631595991347e-04
1.969764914877772e+01 6.907615993393544e-03 -6.978051965565677e-04
1.978884196891095e+01 6.844273377467677e-03 -6.914064489535464e-04
1.988003478904418e+01 6.781511602016729e-03 -6.850663739006455e-04
1.997122760917741e+01 6.719325341089984e-03 -6.787844334835245e-04
2.006242042931064e+01 6.657709317565545e-03 -6.725600947173940e-04
2.015361324944387e+01 6.596658302702840e-03 -6.663928295018982e-04
2.024480606957710e+01 6.536167115699248e-03 -6.602821145764068e-04
2.033599888971033e+01 6.476230623250771e-03 -6.542274314757162e-04
2.042719170984356e+01 6.416843739116732e-03 -6.482282664861539e-04
2.051838452997679e+01 6.358001423688450e-03 -6.422841106020837e-04
2.060957735011002e+01 6.299698683561875e-03 -6.363944594828071e-04
2.070077017024325e+01 6.241930571114130e-03 -6.305588134098590e-04
2.079196299037648e+01 6.184692184083924e-03 -6.247766772446920e-04
2.088315581050971e+01 6.127978665155812e-03 -6.190475603867465e-04
2.097434863064294e+01 6.071785201548262e-03 -6.133709767319047e-04
2.106554145077617e+01 6.016107024605494e-03 -6.077464446313227e-04
2.115673427090940e+01 5.960939409393050e-03 -6.021734868506391e-04
2.124792709104263e+01 5.906277674297074e-03 -5.966516305295555e-04
2.133911991117586e+01 5.852117180627248e-03 -5.911804071417854e-04
2.143031273130909e+01 5.798453332223390e-03 -5.857593524553701e-04
2.152150555144232e+01 5.745281575065625e-03 -5.803880064933558e-04
2.161269837157555e+01 5.692597396888145e-03 -5.750659134948304e-04
2.170389119170878e+01 5.640396326796492e-03 -5.697926218763152e-04
2.179508401184201e+01 5.588673934888363e-03 -5.645676841935107e-04
2.188627683197524e+01 5.537425831877869e-03 -5.593906571033905e-04
2.197746965210847e+01 5.486647668723250e-03 -5.542611013266411e-04
2.206866247224170e+01 5.436335136257989e-03 -5.491785816104468e-04
2.215985529237493e+01 5.386483964825307e-03 -5.441426666916118e-04
2.225104811250816e+01 5.337089923916013e-03 -5.391529292600220e-04
2.234224093264139e+01 5.288148821809659e-03 -5.342089459224380e-04
2.243343375277462e+01 5.239656505218990e-03 -5.293102971666212e-04
2.252462657290785e+01 5.191608858937645e-03 -5.244565673257861e-04
2.261581939304108e+01 5.144001805491094e-03 -5.196473445433779e-04
2.270701221317431e+01 5.096831304790760e-03 -5.148822207381722e-04
2.279820503330754e+01 5.050093353791319e-03 -5.101607915696941e-04
2.288939785344077e+01 5.003783986151132e-03 -5.054826564039518e-04
2.298059067357400e+01 4.957899271895790e-03 -5.008474182794848e-04
2.307178349370723e+01 4.912435317084751e-03 -4.962546838737229e-04
2.316297631384046e+01 4.867388263481010e-03 -4.917040634696500e-04
2.325416913397369e+01 4.822754288223813e-03 -4.871951709227769e-04
2.334536195410692e+01 4.778529603504361e-03 -4.827276236284113e-04
2.343655477424015e+01 4.734710456244487e-03 -4.783010424892312e-04
2.352774759437338e+01 4.691293127778275e-03 -4.739150518831518e-04
2.361894041450661e+01 4.648273933536602e-03 -4.695692796314885e-04
2.371013323463984e+01 4.605649222734559e-03 -4.652633569674091e-04
2.380132605477307e+01 4.563415378061748e-03 -4.609969185046756e-04
2.389251887490630e+01 4.521568815375404e-03 -4.567696022066719e-04
2.398371169503953e+01 4.480105983396340e-03 -4.525810493557142e-04
2.407490451517276e+01 4.439023363407673e-03 -4.484309045226425e-04
2.416609733530600e+01 4.398317468956306e-03 -4.443188155366901e-04
2.425729015543923e+01 4.357984845557154e-03 -4.402444334556285e-04
2.434848297557246e+01 4.318022070400071e-03 -4.362074125361862e-04
2.443967579570569e+01 4.278425752059470e-03 -4.322074102047369e-04
2.453086861583892e+01 4.239192530206598e-03 -4.282440870282565e-04
2.462206143597215e+01 4.200319075324453e-03 -4.243171066855463e-04
2.471325425610538e+01 4.161802088425305e-03 -4.204261359387187e-04
2.480444707623861e+01 4.123638300770818e-03 -4.165708446049439e-04
2.489563989637184e+01 4.085824473594719e-03 -4.127509055284554e-04
2.498683271650507e+01 4.048357397828027e-03 -4.089659945528114e-04
2.507802553663830e+01 4.011233893826789e-03 -4.052157904934105e-04
2.516921835677153e+01 3.974450811102307e-03 -4.014999751102580e-04
2.526041117690476e+01 3.938005028053854e-03 -3.978182330809826e-04
2.535160399703799e+01 3.901893451703822e-03 -3.941702519740990e-04
2.544279681717122e+01 3.866113017435302e-03 -3.905557222225156e-04
2.553398963730445e+01 3.830660688732073e-03 -3.869743370972849e-04
2.562518245743768e+01 3.795533456920974e-03 -3.834257926815937e-04
2.571637527757091e+01 3.760728340916634e-03 -3.799097878449917e-04
2.580756809770414e+01 3.726242386968537e-03 -3.764260242178563e-04
2.589876091783737e+01 3.692072668410412e-03 -3.729742061660900e-04
2.598995373797060e+01 3.658216285411922e-03 -3.695540407660505e-04
2.608114655810383e+01 3.624670364732617e-03 -3.661652377797101e-04
2.617233937823706e+01 3.591432059478156e-03 -3.628075096300420e-04
2.626353219837029e+01 3.558498548858752e-03 -3.594805713766327e-04
2.635472501850352e+01 3.525867037949836e-03 -3.561841406915166e-04
2.644591783863675e+01 3.493534757454916e-03 -3.529179378352330e-04
2.653711065876998e+01 3.461498963470607e-03 -3.496816856331019e-04
2.662830347890321e+01 3.429756937253812e-03 -3.464751094517161e-04
2.671949629903644e+01 3.398305984991043e-03 -3.432979371756506e-04
2.681068911916967e+01 3.367143437569849e-03 -3.401498991843828e-04
2.690188193930290e+01 3.336266650352352e-03 -3.370307283294259e-04
2.699307475943613e+01 3.305673002950838e-03 -3.339401599116708e-04
2.708426757956936e+01 3.275359899005424e-03 -3.308779316589358e-04
2.717546039970259e+01 3.245324765963755e-03 -3.278437837037218e-04
2.726665321983582e+01 3.215565054862718e-03 -3.248374585611710e-04
2.735784603996905e+01 3.186078240112160e-03 -3.218587011072278e-04
2.744903886010228e+01 3.156861819280593e-03 -3.189072585569995e-04
2.754023168023551e+01 3.127913312882849e-03 -3.159828804433152e-04
2.763142450036874e+01 3.099230264169701e-03 -3.130853185954814e-04
2.772261732050197e+01 3.070810238919394e-03 -3.102143271182312e-04
2.781381014063520e+01 3.042650825231096e-03 -3.073696623708676e-04
2.790500296076843e+01 3.014749633320248e-03 -3.045510829465968e-04
2.799619578090166e+01 2.987104295315774e-03 -3.017583496520511e-04
2.808738860103489e+01 2.959712465059163e-03 -2.989912254870000e-04
2.817858142116812e+01 2.932571817905393e-03 -2.962494756242461e-04
2.826977424130135e+01 2.905680050525668e-03 -2.935328673897056e-04
2.836096706143458e+01 2.879034880711974e-03 -2.908411702426714e-04
2.845215988156781e+01 2.852634047183424e-03 -2.881741557562571e-04
2.854335270170104e+01 2.826475309394380e-03 -2.855315975980194e-04
2.863454552183427e+01 2.800556447344324e-03 -2.829132715107591e-04
2.872573834196750e+01 2.774875261389490e-03 -2.803189552934970e-04
2.881693116210073e+01 2.749429572056202e-03 -2.777484287826247e-04
2.890812398223396e+01 2.724217219855939e-03 -2.752014738332280e-04
2.899931680236719e+01 2.699236065102090e-03 -2.726778743005806e-04
2.909050962250042e+01 2.674483987728385e-03 -2.701774160218089e-04
2.918170244263365e+01 2.649958887108999e-03 -2.676998867977235e-04
2.927289526276688e+01 2.625658681880293e-03 -2.652450763748168e-04
2.936408808290011e+01 2.601581309764205e-03 -2.628127764274279e-04
2.945528090303334e+01 2.577724727393242e-03 -2.604027805400677e-04
2.954647372316657e+01 2.554086910137096e-03 -2.580148841899085e-04
2.963766654329980e+01 2.530665851930831e-03 -2.556488847294327e-04
2.972885936343303e+01 2.507459565104655e-03 -2.533045813692408e-04
2.982005218356626e+01 2.484466080215252e-03 -2.509817751610170e-04
2.991124500369950e+01 2.461683445878662e-03 -2.486802689806510e-04
3.000243782383273e+01 2.439109728604684e-03 -2.463998675115140e-04
3.009363064396596e+01 2.416743012632808e-03 -2.441403772278886e-04
3.018482346409919e+01 2.394581399769646e-03 -2.419016063785497e-04
3.027601628423242e+01 2.372623009227854e-03 -2.396833649704969e-04
3.036720910436565e+01 2.350865977466526e-03 -2.374854647528350e-04
3.045840192449888e+01 2.329308458033064e-03 -2.353077192008026e-04
3.054959474463211e+01 2.307948621406482e-03 -2.331499434999470e-04
3.064078756476534e+01 2.286784654842161e-03 -2.310119545304448e-04
3.073198038489857e+01 2.265814762218014e-03 -2.288935708515644e-04
3.082317320503180e+01 2.245037163882070e-03 -2.267946126862732e-04
3.091436602516503e+01 2.224450096501459e-03 -2.247149019059838e-04
3.100555884529826e+01 2.204051812912766e-03 -2.226542620154418e-04
3.109675166543149e+01 2.183840581973775e-03 -2.206125181377500e-04
3.118794448556472e+01 2.163814688416556e-03 -2.185894969995322e-04
3.127913730569795e+01 2.143972432701915e-03 -2.165850269162311e-04
3.137033012583118e+01 2.124312130875165e-03 -2.145989377775417e-04
3.146152294596441e+01 2.104832114423227e-03 -2.126310610329784e-04
3.155271576609764e+01 2.085530730133037e-03 -2.106812296775737e-04
3.164390858623087e+01 2.066406339951254e-03 -2.087492782377089e-04
3.173510140636410e+01 2.047457320845253e-03 -2.068350427570736e-04
3.182629422649733e+01 2.028682064665392e-03 -2.049383607827546e-04
3.191748704663056e+01 2.010078978008545e-03 -2.030590713514524e-04
3.200867986676379e+01 1.991646482082877e-03 -2.011970149758232e-04
3.209987268689702e+01 1.973383012573877e-03 -1.993520336309470e-04
3.219106550703025e+01 1.955287019511594e-03 -1.975239707409195e-04
3.228225832716348e+01 1.937356967139115e-03 -1.957126711655662e-04
3.237345114729671e+01 1.919591333782233e-03 -1.939179811872792e-04
3.246464396742994e+01 1.901988611720312e-03 -1.921397484979741e-04
3.255583678756317e+01 1.884547307058345e-03 -1.903778221861667e-04
3.264702960769640e+01 1.867265939600176e-03 -1.886320527241681e-04
3.273822242782963e+01 1.850143042722887e-03 -1.869022919553971e-04
3.282941524796286e+01 1.833177163252335e-03 -1.851883930818088e-04
3.292060806809609e+01 1.816366861339836e-03 -1.834902106514385e-04
3.301180088822932e+01 1.799710710339973e-03 -1.818076005460604e-04
3.310299370836255e+01 1.783207296689528e-03 -1.801404199689580e-04
3.319418652849578e+01 1.766855219787524e-03 -1.784885274328081e-04
3.328537934862901e+01 1.750653091876363e-03 -1.768517827476750e-04
3.337657216876224e+01 1.734599537924060e-03 -1.752300470091148e-04
3.346776498889547e+01 1.718693195507552e-03 -1.736231825863892e-04
3.355895780902870e+01 1.702932714697080e-03 -1.720310531107869e-04
3.365015062916194e+01 1.687316757941628e-03 -1.704535234640520e-04
3.374134344929517e+01 1.671843999955412e-03 -1.688904597669192e-04
3.383253626942840e+01 1.656513127605419e-03 -1.673417293677529e-04
3.392372908956163e+01 1.641322839799962e-03 -1.658072008312916e-04
3.401492190969486e+01 1.626271847378269e-03 -1.642867439274947e-04
3.410611472982809e+01 1.611358873001079e-03 -1.627802296204920e-04
3.419730754996132e+01 1.596582651042243e-03 -1.612875300576343e-04
3.428850037009455e+01 1.581941927481316e-03 -1.598085185586444e-04
3.437969319022778e+01 1.567435459797141e-03 -1.583430696048672e-04
3.447088601036101e+01 1.553062016862396e-03 -1.568910588286193e-04
3.456207883049424e+01 1.538820378839124e-03 -1.554523630026352e-04
3.465327165062747e+01 1.524709337075206e-03 -1.540268600296110e-04
3.474446447076070e+01 1.510727694001792e-03 -1.526144289318431e-04
3.483565729089393e+01 1.496874263031673e-03 -1.512149498409630e-04
3.492685011102716e+01 1.483147868458579e-03 -1.498283039877653e-04
3.501804293116039e+01 1.469547345357402e-03 -1.484543736921295e-04
3.510923575129362e+01 1.456071539485341e-03 -1.470930423530337e-04
3.520042857142685e+01 1.442719307183942e-03 -1.457441944386603e-04
3.529162139156008e+01 1.429489515282043e-03 -1.444077154765921e-04
3.538281421169331e+01 1.416381040999613e-03 -1.430834920440985e-04
3.547400703182654e+01 1.403392771852460e-03 -1.417714117585107e-04
3.556519985195977e+01 1.390523605557826e-03 -1.404713632676850e-04
3.565639267209300e+01 1.377772449940841e-03 -1.391832362405537e-04
3.574758549222623e+01 1.365138222841833e-03 -1.379069213577623e-04
3.583877831235946e+01 1.352619852024492e-03 -1.366423103023932e-04
3.592997113249269e+01 1.340216275084879e-03 -1.353892957507738e-04
3.602116395262592e+01 1.327926439361257e-03 -1.341477713633689e-04
3.611235677275915e+01 1.315749301844765e-03 -1.329176317757572e-04
3.620354959289238e+01 1.303683829090895e-03 -1.316987725896900e-04
3.629474241302561e+01 1.291728997131796e-03 -1.304910903642318e-04
3.638593523315884e+01 1.279883791389369e-03 -1.292944826069826e-04
3.647712805329207e+01 1.268147206589169e-03 -1.281088477653801e-04
3.656832087342530e+01 1.256518246675090e-03 -1.269340852180822e-04
3.665951369355853e+01 1.244995924724833e-03 -1.257700952664281e-04
3.675070651369176e+01 1.233579262866151e-03 -1.246167791259781e-04
3.684189933382499e+01 1.222267292193866e-03 -1.234740389181302e-04
3.693309215395822e+01 1.211059052687636e-03 -1.223417776618145e-04
3.702428497409145e+01 1.199953593130484e-03 -1.212198992652633e-04
3.711547779422468e+01 1.188949971028077e-03 -1.201083085178562e-04
3.720667061435791e+01 1.178047252528734e-03 -1.190069110820409e-04
3.729786343449114e+01 1.167244512344177e-03 -1.179156134853276e-04
3.738905625462437e+01 1.156540833671008e-03 -1.168343231123565e-04
3.748024907475760e+01 1.145935308112902e-03 -1.157629481970384e-04
3.757144189489083e+01 1.135427035603512e-03 -1.147013978147677e-04
3.766263471502406e+01 1.125015124330089e-03 -1.136495818747059e-04
3.775382753515729e+01 1.114698690657795e-03 -1.126074111121364e-04
3.784502035529052e+01 1.104476859054715e-03 -1.115747970808895e-04
3.793621317542375e+01 1.094348762017549e-03 -1.105516521458367e-04
3.802740599555698e+01 1.084313539997997e-03 -1.095378894754536e-04
3.811859881569021e+01 1.074370341329807e-03 -1.085334230344514e-04
3.820979163582344e+01 1.064518322156501e-03 -1.075381675764756e-04
3.830098445595667e+01 1.054756646359758e-03 -1.065520386368718e-04
3.839217727608990e+01 1.045084485488459e-03 -1.055749525255179e-04
3.848337009622313e+01 1.035501018688375e-03 -1.046068263197218e-04
3.857456291635636e+01 1.026005432632509e-03 -1.036475778571847e-04
3.866575573648959e+01 1.016596921452068e-03 -1.026971257290282e-04
3.875694855662282e+01 1.007274686668075e-03 -1.017553892728856e-04
3.884814137675605e+01 9.980379371236016e-04 -1.008222885660572e-04
3.893933419688928e+01 9.888858889166299e-04 -9.989774441872737e-05
3.903052701702251e+01 9.798177653335227e-04 -9.898167836724441e-05
3.912171983715574e+01 9.708327967831065e-04 -9.807401266746186e-05
3.921291265728897e+01 9.619302207313605e-04 -9.717467028814080e-05
3.930410547742220e+01 9.531092816367024e-04 -9.628357490441281e-05
3.939529829755543e+01 9.443692308858678e-04 -9.540065089130274e-05
3.948649111768867e+01 9.357093267303791e-04 -9.452582331731089e-05
3.957768393782190e+01 9.271288342235951e-04 -9.365901793805403e-05
3.966887675795513e+01 9.186270251583386e-04 -9.280016118996484e-05
3.976006957808836e+01 9.102031780050967e-04 -9.194918018404891e-05
3.985126239822159e+01 9.018565778507862e-04 -9.110600269969918e-05
3.994245521835482e+01 8.935865163380820e-04 -9.027055717856694e-05
4.003364803848805e+01 8.853922916053011e-04 -8.944277271848920e-05
4.012484085862128e+01 8.772732082268373e-04 -8.862257906747152e-05
4.021603367875451e+01 8.692285771541439e-04 -8.780990661772623e-05
4.030722649888774e+01 8.612577156572554e-04 -8.700468639976516e-05
4.039841931902097e+01 8.533599472668468e-04 -8.620685007654661e-05
4.048961213915420e+01 8.455346017168245e-04 -8.541632993767601e-05
4.058080495928743e+01 8.377810148874417e-04 -8.463305889365971e-05
4.067199777942066e+01 8.300985287489378e-04 -8.385697047021129e-05
4.076319059955389e+01 8.224864913056933e-04 -8.308799880261056e-05
4.085438341968712e+01 8.149442565408963e-04 -8.232607863011374e-05
4.094557623982035e+01 8.074711843617183e-04 -8.157114529041515e-05
4.103676905995358e+01 8.000666405449903e-04 -8.082313471415977e-05
4.112796188008681e+01 7.927299966833791e-04 -8.008198341950590e-05
4.121915470022004e+01 7.854606301320564e-04 -7.934762850673788e-05
4.131034752035327e+01 7.782579239558558e-04 -7.862000765292800e-05
4.140154034048650e+01 7.711212668769167e-04 -7.789905910664759e-05
4.149273316061973e+01 7.640500532228061e-04 -7.718472168272630e-05
4.158392598075296e+01 7.570436828751177e-04 -7.647693475705987e-05
4.167511880088619e+01 7.501015612185408e-04 -7.577563826146505e-05
4.176631162101942e+01 7.432230990903982e-04 -7.508077267858194e-05
4.185750444115265e+01 7.364077127306447e-04 -7.439227903682315e-05
4.194869726128588e+01 7.296548237323257e-04 -7.371009890536903e-05
4.203989008141911e+01 7.229638589924892e-04 -7.303417438920897e-05
4.213108290155234e+01 7.163342506635487e-04 -7.236444812422813e-05
4.222227572168557e+01 7.097654361050911e-04 -7.170086327233919e-05
4.231346854181880e+01 7.032568578361271e-04 -7.104336351665880e-05
4.240466136195203e+01 6.968079634877799e-04 -7.039189305672812e-05
4.249585418208526e+01 6.904182057564065e-04 -6.974639660377740e-05
4.258704700221849e+01 6.840870423571504e-04 -6.910681937603379e-05
4.267823982235172e+01 6.778139359779190e-04 -6.847310709407232e-05
4.276943264248495e+01 6.715983542337831e-04 -6.784520597620934e-05
4.286062546261818e+01 6.654397696217954e-04 -6.722306273393838e-05
4.295181828275141e+01 6.593376594762232e-04 -6.660662456740775e-05
4.304301110288464e+01 6.532915059241900e-04 -6.599583916093968e-05
4.313420392301787e+01 6.473007958417259e-04 -6.539065467859037e-05
4.322539674315110e+01 6.413650208102204e-04 -6.479101975975108e-05
4.331658956328433e+01 6.354836770732738e-04 -6.419688351478926e-05
4.340778238341756e+01 6.296562654939445e-04 -6.360819552072972e-05
4.349897520355079e+01 6.238822915123897e-04 -6.302490581697552e-05
4.359016802368402e+01 6.181612651038926e-04 -6.244696490106792e-05
4.368136084381725e+01 6.124927007372754e-04 -6.187432372448543e-05
4.377255366395048e+01 6.068761173336936e-04 -6.130693368848110e-05
4.386374648408371e+01 6.013110382258086e-04 -6.074474663995827e-05
4.395493930421694e+01 5.957969911173336e-04 -6.018771486738393e-05
4.404613212435017e+01 5.903335080429513e-04 -5.963579109673960e-05
4.413732494448340e+01 5.849201253285990e-04 -5.908892848750945e-05
4.422851776461663e+01 5.795563835521179e-04 -5.854708062870500e-05
4.431971058474986e+01 5.742418275042628e-04 -5.801020153492653e-05
4.441090340488309e+01 5.689760061500700e-04 -5.747824564246038e-05
4.450209622501632e+01 5.637584725905791e-04 -5.695116780541215e-05
4.459328904514955e+01 5.585887840249057e-04 -5.642892329187531e-05
4.468448186528278e+01 5.534665017126622e-04 -5.591146778013500e-05
4.477567468541601e+01 5.483911909367229e-04 -5.539875735490657e-05
4.486686750554924e+01 5.433624209663303e-04 -5.489074850360867e-05
4.495806032568247e+01 5.383797650205417e-04 -5.438739811267049e-05
4.504925314581570e+01 5.334428002320068e-04 -5.388866346387287e-05
4.514044596594893e+01 5.285511076110827e-04 -5.339450223072287e-05
4.523163878608216e+01 5.237042720102729e-04 -5.290487247486182e-05
4.532283160621540e+01 5.189018820889968e-04 -5.241973264250601e-05
4.541402442634863e+01 5.141435302786791e-04 -5.193904156092024e-05
4.550521724648186e+01 5.094288127481607e-04 -5.146275843492363e-05
4.559641006661509e+01 5.047573293694269e-04 -5.099084284342741e-05
4.568760288674832e+01 5.001286836836490e-04 -5.052325473600460e-05
4.577879570688155e+01 4.955424828675383e-04 -5.005995442949096e-05
4.586998852701478e+01 4.909983377000079e-04 -4.960090260461735e-05
4.596118134714801e+01 4.864958625291405e-04 -4.914606030267267e-05
4.605237416728124e+01 4.820346752394591e-04 -4.869538892219768e-05
4.614356698741447e+01 4.776143972194981e-04 -4.824885021570897e-05
4.623475980754770e+01 4.732346533296707e-04 -4.780640628645303e-05
4.632595262768093e+01 4.688950718704328e-04 -4.736801958519008e-05
4.641714544781416e+01 4.645952845507367e-04 -4.693365290700736e-05
4.650833826794739e+01 4.603349264567759e-04 -4.650326938816171e-05
4.659953108808062e+01 4.561136360210154e-04 -4.607683250295098e-05
4.669072390821385e+01 4.519310549915064e-04 -4.565430606061430e-05
4.678191672834708e+01 4.477868284014824e-04 -4.523565420226063e-05
4.687310954848031e+01 4.436806045392339e-04 -4.482084139782551e-05
4.696430236861354e+01 4.396120349182595e-04 -4.440983244305577e-05
4.705549518874677e+01 4.355807742476909e-04 -4.400259245652186e-05
4.714668800888000e+01 4.315864804029886e-04 -4.359908687665751e-05
4.723788082901323e+01 4.276288143969068e-04 -4.319928145882665e-05
4.732907364914646e+01 4.237074403507241e-04 -4.280314227241715e-05
4.742026646927969e+01 4.198220254657386e-04 -4.241063569796121e-05
4.751145928941292e+01 4.159722399950239e-04 -4.202172842428221e-05
4.760265210954615e+01 4.121577572154444e-04 -4.163638744566764e-05
4.769384492967938e+01 4.083782533999269e-04 -4.125458005906809e-05
4.778503774981261e+01 4.046334077899867e-04 -4.087627386132174e-05
4.787623056994584e+01 4.009229025685053e-04 -4.050143674640441e-05
4.796742339007907e+01 3.972464228327591e-04 -4.013003690270491e-05
4.805861621021230e+01 3.936036565676926e-04 -3.976204281032517e-05
4.814980903034553e+01 3.899942946194400e-04 -3.939742323840525e-05
4.824100185047876e+01 3.864180306690870e-04 -3.903614724247294e-05
4.833219467061199e+01 3.828745612066750e-04 -3.867818416181750e-05
4.842338749074522e+01 3.793635855054422e-04 -3.832350361688764e-05
4.851458031087845e+01 3.758848055963021e-04 -3.797207550671326e-05
4.860577313101168e+01 3.724379262425554e-04 -3.762387000635084e-05
4.869696595114491e+01 3.690226549148339e-04 -3.727885756435234e-05
4.878815877127814e+01 3.656387017662745e-04 -3.693700890025721e-05
4.887935159141137e+01 3.622857796079198e-04 -3.659829500210742e-05
4.897054441154460e+01 3.589636038843462e-04 -3.626268712398535e-05
4.906173723167783e+01 3.556718926495131e-04 -3.593015678357417e-05
4.915293005181106e+01 3.524103665428358e-04 -3.560067575974059e-05
4.924412287194429e+01 3.491787487654763e-04 -3.527421609013990e-05
4.933531569207752e+01 3.459767650568519e-04 -3.495075006884276e-05
4.942650851221075e+01 3.428041436713598e-04 -3.463025024398397e-05
4.951770133234398e+01 3.396606153553142e-04 -3.431268941543267e-05
4.960889415247721e+01 3.365459133240954e-04 -3.399804063248392e-05
4.970008697261044e+01 3.334597732395091e-04 -3.368627719157148e-05
4.979127979274367e+01 3.304019331873516e-04 -3.337737263400155e-05
4.988247261287690e+01 3.273721336551822e-04 -3.307130074370730e-05
4.997366543301013e+01 3.243701175102993e-04 -3.276803554502395e-05

