# omega0=1, alpha=0.1
# theta0=0.05, theta_dot0=0
# t_start=0, t_end=50, h=0.00911928
#   t          theta(t)                 thetadot(t)       
0  5.000000000000000e-02  0.000000000000000e+00
9.119282013323059e-02 4.979295690615784e-02 -4.530744800037429e-03
1.823856402664613e-01 4.917604636677836e-02 -8.982925511030429e-03
2.735784603996920e-01 4.815808631924258e-02 -1.332046743026817e-02
3.647712805329227e-01 4.675112866518189e-02 -1.750856626911804e-02
4.559641006661534e-01 4.497033080007797e-02 -2.151396259270038e-02
5.471569207993838e-01 4.283380277210427e-02 -2.530520153852577e-02
6.383497409326140e-01 4.036243150149115e-02 -2.885287588286170e-02
7.295425610658441e-01 3.757968366301441e-02 -3.212985063070577e-02
8.207353811990743e-01 3.451138899519350e-02 -3.511146742516572e-02
9.119282013323045e-01 3.118550594915381e-02 -3.777572720732437e-02
1.003121021465535e+00 2.763187172635554e-02 -4.010344971042766e-02
1.094313841598765e+00 2.388193887585506e-02 -4.207840854393234e-02
1.185506661731995e+00 1.996850072667874e-02 -4.368744081417379e-02
1.276699481865225e+00 1.592540801748929e-02 -4.492053043873209e-02
1.367892301998455e+00 1.178727915232598e-02 -4.577086453948302e-02
1.459085122131685e+00 7.589206556310401e-03 -4.623486254224966e-02
1.550277942264916e+00 3.366461627612355e-03 -4.631217786538142e-02
1.641470762398146e+00 -8.457992191880139e-04 -4.600567234113326e-02
1.732663582531376e+00 -5.012824948354901e-03 -4.532136377746244e-02
1.823856402664606e+00 -9.100554315982619e-03 -4.426834732854023e-02
1.915049222797836e+00 -1.307589195235857e-02 -4.285869159458355e-02
2.006242042931067e+00 -1.690697386031369e-02 -4.110731061047438e-02
2.097434863064297e+00 -2.056342019212842e-02 -3.903181310348476e-02
2.188627683197527e+00 -2.401657330268930e-02 -3.665233059941688e-02
2.279820503330757e+00 -2.723971922875262e-02 -3.399132613065627e-02
2.371013323463987e+00 -3.020829091100907e-02 -3.107338544708105e-02
2.462206143597217e+00 -3.290005165466927e-02 -2.792499275057557e-02
2.553398963730448e+00 -3.529525751298220e-02 -2.457429306618087e-02
2.644591783863678e+00 -3.737679747398713e-02 -2.105084342871030e-02
2.735784603996908e+00 -3.913031053154707e-02 -1.738535510476902e-02
2.826977424130138e+00 -4.054427892517078e-02 -1.360942908891338e-02
2.918170244263368e+00 -4.161009703738916e-02 -9.755287111900782e-03
3.009363064396598e+00 -4.232211564085475e-02 -5.855500381466243e-03
3.100555884529828e+00 -4.267766138848172e-02 -1.942718244583220e-03
3.191748704663059e+00 -4.267703163768032e-02 1.950601082805598e-03
3.282941524796289e+00 -4.232346489311333e-02 5.792455625039384e-03
3.374134344929519e+00 -4.162308734061886e-02 9.551558561863613e-03
3.465327165062749e+00 -4.058483612731994e-02 1.319758898391310e-02
3.556519985195979e+00 -3.922036021883694e-02 1.670143259756159e-02
3.647712805329209e+00 -3.754389983329244e-02 2.003541056994164e-02
3.738905625462440e+00 -3.557214561275047e-02 2.317349479482239e-02
3.830098445595670e+00 -3.332407884507716e-02 2.609150795915199e-02
3.921291265728900e+00 -3.082079419204395e-02 2.876730689973932e-02
4.012484085862130e+00 -2.808530651179810e-02 3.118094786106490e-02
4.103676905995361e+00 -2.514234348446347e-02 3.331483239967752e-02
4.194869726128591e+00 -2.201812585738969e-02 3.515383282879283e-02
4.286062546261821e+00 -1.874013722017758e-02 3.668539625880185e-02
4.377255366395051e+00 -1.533688529781120e-02 3.789962646505182e-02
4.468448186528281e+00 -1.183765681183096e-02 3.878934300244465e-02
4.559641006661511e+00 -8.272268003415935e-03 3.935011718539402e-02
4.650833826794742e+00 -4.670812937624382e-03 3.958028475913908e-02
4.742026646927972e+00 -1.063411714227032e-03 3.948093530141888e-02
4.833219467061202e+00 2.520039302799110e-03 3.905587860872817e-02
4.924412287194432e+00 6.050113158005377e-03 3.831158853518303e-02
5.015605107327662e+00 9.498091852572447e-03 3.725712496070547e-02
5.106797927460892e+00 1.283619781182183e-02 3.590403476514630e-02
5.197990747594122e+00 1.603781540478864e-02 3.426623287271788e-02
5.289183567727353e+00 1.907770075356500e-02 3.235986460372048e-02
5.380376387860583e+00 2.193217819013793e-02 3.020315072557408e-02
5.471569207993813e+00 2.457932185172326e-02 2.781621673079034e-02
5.562762028127043e+00 2.699912105031287e-02 2.522090798459189e-02
5.653954848260273e+00 2.917362820640344e-02 2.244059247893970e-02
5.745147668393503e+00 3.108708829874967e-02 1.949995300293365e-02
5.836340488526734e+00 3.272604894961009e-02 1.642477059264245e-02
5.927533308659964e+00 3.407945043654768e-02 1.324170115758623e-02
6.018726128793194e+00 3.513869509575006e-02 9.978047197856128e-03
6.109918948926424e+00 3.589769575653778e-02 6.661526526917439e-03
6.201111769059654e+00 3.635290302087844e-02 3.320039902255172e-03
6.292304589192884e+00 3.650331137412836e-02 -1.856055914653629e-05
6.383497409326115e+00 3.635044428282776e-02 -3.326700339479639e-03
6.474690229459345e+00 3.589831860125278e-02 -6.577307057535730e-03
6.565883049592575e+00 3.515338876974011e-02 -9.744028843855484e-03
6.657075869725805e+00 3.412447144377362e-02 -1.280144487525561e-02
6.748268689859035e+00 3.282265134270784e-02 -1.572526646120661e-02
6.839461509992265e+00 3.126116925005530e-02 -1.849252715366007e-02
6.930654330125495e+00 2.945529323270728e-02 -2.108176043973674e-02
7.021847150258726e+00 2.742217427347780e-02 -2.347316367369949e-02
7.113039970391956e+00 2.518068762909333e-02 -2.564874701138900e-02
7.204232790525186e+00 2.275126133328653e-02 -2.759246622724559e-02
7.295425610658416e+00 2.015569336104803e-02 -2.929033842143729e-02
7.386618430791646e+00 1.741695905439149e-02 -3.073053976243191e-02
7.477811250924876e+00 1.455901048125855e-02 -3.190348455819893e-02
7.569004071058107e+00 1.160656945655108e-02 -3.280188510630241e-02
7.660196891191337e+00 8.584915996937989e-03 -3.342079193821964e-02
7.751389711324567e+00 5.519674008388075e-03 -3.375761424464320e-02
7.842582531457797e+00 2.436596016836870e-03 -3.381212044427381e-02
7.933775351591027e+00 -6.386512522842423e-04 -3.358641903636085e-02
8.024968171724257e+00 -3.680698660812790e-03 -3.308492005445123e-02
8.116160991857488e+00 -6.664682062988811e-03 -3.231427761281579e-02
8.207353811990718e+00 -9.566443633572699e-03 -3.128331420518951e-02
8.298546632123948e+00 -1.236272549107575e-02 -3.000292757526033e-02
8.389739452257178e+00 -1.503135406984755e-02 -2.848598112747485e-02
8.480932272390408e+00 -1.755141378941648e-02 -2.674717898321147e-02
8.572125092523638e+00 -1.990340867593960e-02 -2.480292690961129e-02
8.663317912656868e+00 -2.206941070752952e-02 -2.267118045518866e-02
8.754510732790099e+00 -2.403319378114852e-02 -2.037128171705728e-02
8.845703552923329e+00 -2.578035233220890e-02 -1.792378623893136e-02
8.936896373056559e+00 -2.729840377750030e-02 -1.535028159713224e-02
9.028089193189789e+00 -2.857687409611983e-02 -1.267319927413304e-02
9.119282013323019e+00 -2.960736601030144e-02 -9.915621446471450e-03
9.210474833456249e+00 -3.038360937710335e-02 -7.101084327106320e-03
9.301667653589480e+00 -3.090149355158139e-02 -4.253379702547326e-03
9.392860473722710e+00 -3.115908163121729e-02 -1.396356293424692e-03
9.484053293855940e+00 -3.115660663894431e-02 1.446277455394216e-03
9.575246113989170e+00 -3.089644984716608e-02 4.251147581596929e-03
9.666438934122400e+00 -3.038310158682114e-02 6.995404277418401e-03
9.757631754255630e+00 -2.962310502298543e-02 9.656905545700039e-03
9.848824574388860e+00 -2.862498351094759e-02 1.221439341785257e-02
9.940017394522091e+00 -2.739915227338123e-02 1.464766137876580e-02
1.003121021465532e+01 -2.595781525942414e-02 1.693771171912708e-02
1.012240303478855e+01 -2.431484815940631e-02 1.906690161931148e-02
1.021359585492178e+01 -2.248566865388535e-02 2.101907686108848e-02
1.030478867505501e+01 -2.048709507178369e-02 2.277969216391245e-02
1.039598149518824e+01 -1.833719471900600e-02 2.433591725148204e-02
1.048717431532147e+01 -1.605512321519226e-02 2.567672787135696e-02
1.057836713545470e+01 -1.366095624150120e-02 2.679298111528243e-02
1.066955995558793e+01 -1.117551515584316e-02 2.767747451981304e-02
1.076075277572116e+01 -8.620187973185540e-03 2.832498856490004e-02
1.085194559585439e+01 -6.016747236932778e-03 2.873231233109182e-02
1.094313841598762e+01 -3.387166322553271e-03 2.889825222242659e-02
1.103433123612085e+01 -7.534357163486950e-04 2.882362381029169e-02
1.112552405625408e+01 1.862619199540947e-03 2.851122700164617e-02
1.121671687638731e+01 4.439517350036723e-03 2.796580488111956e-02
1.130790969652054e+01 6.956296690457150e-03 2.719398671865773e-02
1.139910251665377e+01 9.392683033927028e-03 2.620421577068206e-02
1.149029533678700e+01 1.172925162969088e-02 2.500666263138383e-02
1.158148815692023e+01 1.394758021368257e-02 2.361312501019877e-02
1.167268097705346e+01 1.603039233763926e-02 2.203691492034703e-02
1.176387379718669e+01 1.796168987738557e-02 2.029273436050557e-02
1.185506661731992e+01 1.972687372355127e-02 1.839654065642954e-02
1.194625943745315e+01 2.131285176776648e-02 1.636540270118406e-02
1.203745225758638e+01 2.270813341311370e-02 1.421734939140593e-02
1.212864507771961e+01 2.390290995811560e-02 1.197121160276712e-02
1.221983789785284e+01 2.488912032762702e-02 9.646459080862054e-03
1.231103071798607e+01 2.566050175054150e-02 7.263033644563236e-03
1.240222353811930e+01 2.621262511212779e-02 4.841180108081593e-03
1.249341635825254e+01 2.654291483705062e-02 2.401276326187855e-03
1.258460917838577e+01 2.665065328673087e-02 -3.633624502808017e-05
1.267580199851900e+01 2.653696978075524e-02 -2.451520101220138e-03
1.276699481865223e+01 2.620481447569975e-02 -4.824506016852614e-03
1.285818763878546e+01 2.565891745517957e-02 -7.136052845870306e-03
1.294938045891869e+01 2.490573350141417e-02 -9.367601543202278e-03
1.304057327905192e+01 2.395337313036699e-02 -1.150142220987905e-02
1.313176609918515e+01 2.281152057887016e-02 -1.352075302780086e-02
1.322295891931838e+01 2.149133953238237e-02 -1.540993002100205e-02
1.331415173945161e+01 2.000536747546942e-02 -1.715450665847437e-02
1.340534455958484e+01 1.836739963307332e-02 -1.874136239908262e-02
1.349653737971807e+01 1.659236354849547e-02 -2.015879937160947e-02
1.358773019985130e+01 1.469618541313395e-02 -2.139662648218830e-02
1.367892301998453e+01 1.269564932279134e-02 -2.244623034687509e-02
1.377011584011776e+01 1.060825068526243e-02 -2.330063255826989e-02
1.386130866025099e+01 8.452045043436836e-03 -2.395453291115232e-02
1.395250148038422e+01 6.245493606906811e-03 -2.440433833209523e-02
1.404369430051745e+01 4.007306802743994e-03 -2.464817738085595e-02
1.413488712065068e+01 1.756287162498677e-03 -2.468590031575648e-02
1.422607994078391e+01 -4.888271425005717e-04 -2.451906483988524e-02
1.431727276091714e+01 -2.709516821764274e-03 -2.415090776833754e-02
1.440846558105037e+01 -4.887632773828458e-03 -2.358630297738844e-02
1.449965840118360e+01 -7.005542951922685e-03 -2.283170611300538e-02
1.459085122131683e+01 -9.046273605675130e-03 -2.189508664707145e-02
1.468204404145006e+01 -1.099364377587008e-02 -2.078584797382773e-02
1.477323686158329e+01 -1.283239198687489e-02 -1.951473633522680e-02
1.486442968171652e+01 -1.454829415732704e-02 -1.809373945117058e-02
1.495562250184975e+01 -1.612827183316975e-02 -1.653597580823640e-02
1.504681532198298e+01 -1.756048993724039e-02 -1.485557562793171e-02
1.513800814211621e+01 -1.883444332540291e-02 -1.306755459242800e-02
1.522920096224944e+01 -1.994103153970688e-02 -1.118768145196544e-02
1.532039378238267e+01 -2.087262125327743e-02 -9.232340673726124e-03
1.541158660251590e+01 -2.162309600863095e-02 -7.218391317124925e-03
1.550277942264913e+01 -2.218789295992976e-02 -5.163023335455307e-03
1.559397224278236e+01 -2.256402643942426e-02 -3.083612509027367e-03
1.568516506291559e+01 -2.275009827811074e-02 -9.975752107663745e-04
1.577635788304882e+01 -2.274629491962107e-02 1.077775807862364e-03
1.586755070318205e+01 -2.255437147376376e-02 3.125373444345282e-03
1.595874352331528e+01 -2.217762296119459e-02 5.128534949488800e-03
1.604993634344851e+01 -2.162084310268936e-02 7.071096209589013e-03
1.614112916358174e+01 -2.089027110472691e-02 8.937540552222937e-03
1.623232198371497e+01 -1.999352698690461e-02 1.071312107352524e-02
1.632351480384820e+01 -1.893953608546049e-02 1.238397554374969e-02
1.641470762398143e+01 -1.773844345024850e-02 1.393723301349092e-02
1.650590044411466e+01 -1.640151892931328e-02 1.536111131489505e-02
1.659709326424789e+01 -1.494105380516914e-02 1.664500473021284e-02
1.668828608438112e+01 -1.337024990946840e-02 1.777956118378328e-02
1.677947890451435e+01 -1.170310219744402e-02 1.875674840253042e-02
1.687067172464758e+01 -9.954275809876888e-03 1.956990858376902e-02
1.696186454478081e+01 -8.138978687966560e-03 2.021380120688909e-02
1.705305736491404e+01 -6.272830835039572e-03 2.068463372656099e-02
1.714425018504727e+01 -4.371731338250901e-03 2.098007998859506e-02
1.723544300518050e+01 -2.451724273143578e-03 2.109928631453021e-02
1.732663582531373e+01 -5.288646140450678e-04 2.104286530636232e-02
1.741782864544696e+01 1.380914736189508e-03 2.081287752744759e-02
1.750902146558019e+01 3.261933702511152e-03 2.041280131839431e-02
1.760021428571342e+01 5.098892513690999e-03 1.984749110655699e-02
1.769140710584665e+01 6.876994868720630e-03 1.912312466347624e-02
1.778259992597988e+01 8.582065809912429e-03 1.824713985523574e-02
1.787379274611311e+01 1.020066337261748e-02 1.722816151530107e-02
1.796498556624634e+01 1.172018314248983e-02 1.607591914714457e-02
1.805617838637957e+01 1.312895491898742e-02 1.480115623416071e-02
1.814737120651280e+01 1.441633075759837e-02 1.341553199649666e-02
1.823856402664603e+01 1.557276374236066e-02 1.193151648806780e-02
1.832975684677927e+01 1.658987692381811e-02 1.036227997194656e-02
1.842094966691250e+01 1.746052194482376e-02 8.721577548387408e-03
1.851214248704573e+01 1.817882696675619e-02 7.023630036982594e-03
1.860333530717896e+01 1.874023360095244e-02 5.283002132934559e-03
1.869452812731219e+01 1.914152264369355e-02 3.514478867363182e-03
1.878572094744542e+01 1.938082850713578e-02 1.732941403180522e-03
1.887691376757865e+01 1.945764233241594e-02 -4.675680835863625e-05
1.896810658771188e+01 1.937280386405360e-02 -1.809912499485212e-03
1.905929940784511e+01 1.912848225603470e-02 -3.542092696773357e-03
1.915049222797834e+01 1.872814606892578e-02 -5.229251510401575e-03
1.924168504811157e+01 1.817652280339977e-02 -6.857842676750476e-03
1.933287786824480e+01 1.747954839804283e-02 -8.414926971376446e-03
1.942407068837803e+01 1.664430719767171e-02 -9.888273657771616e-03
1.951526350851126e+01 1.567896297206670e-02 -1.126645519166964e-02
1.960645632864449e+01 1.459268163348192e-02 -1.253893446068082e-02
1.969764914877772e+01 1.339554636403236e-02 -1.369614390440786e-02
1.978884196891095e+01 1.209846592060355e-02 -1.472955593053135e-02
1.988003478904418e+01 1.071307693485144e-02 -1.563174411723487e-02
1.997122760917741e+01 9.251641068764358e-03 -1.639643477127073e-02
2.006242042931064e+01 7.726937921801782e-03 -1.701854849338619e-02
2.015361324944387e+01 6.152154613516547e-03 -1.749423148809894e-02
2.024480606957710e+01 4.540772985579472e-03 -1.782087644221938e-02
2.033599888971033e+01 2.906455379098814e-03 -1.799713288529090e-02
2.042719170984356e+01 1.262929946973705e-03 -1.802290703442620e-02
2.051838452997679e+01 -3.761235432677820e-04 -1.789935121498671e-02
2.060957735011002e+01 -1.997186473048005e-03 -1.762884303629057e-02
2.070077017024325e+01 -3.587011779902117e-03 -1.721495458714673e-02
2.079196299037648e+01 -5.132731113329465e-03 -1.666241199862315e-02
2.088315581050971e+01 -6.621957879745126e-03 -1.597704580023057e-02
2.097434863064294e+01 -8.042885359226672e-03 -1.516573256986355e-02
2.106554145077617e+01 -9.384379125560921e-03 -1.423632844669014e-02
2.115673427090940e+01 -1.063606305591799e-02 -1.319759513911060e-02
2.124792709104263e+01 -1.178839827675160e-02 -1.205911911640685e-02
2.133911991117586e+01 -1.283275445763989e-02 -1.083122472237411e-02
2.143031273130909e+01 -1.376147293410270e-02 -9.524881991766310e-03
2.152150555144232e+01 -1.456792121329912e-02 -8.151609985602375e-03
2.161269837157555e+01 -1.524653849225091e-02 -6.723376489170711e-03
2.170389119170878e+01 -1.579287189617310e-02 -5.252494936918632e-03
2.179508401184201e+01 -1.620360322394809e-02 -3.751519441379825e-03
2.188627683197524e+01 -1.647656606808378e-02 -2.233138808993368e-03
2.197746965210847e+01 -1.661075325699601e-02 -7.100704242667617e-04
2.206866247224170e+01 -1.660631464751032e-02 8.050451245683245e-04
2.215985529237493e+01 -1.646454537446973e-02 2.299747820241890e-03
2.225104811250816e+01 -1.618786474166526e-02 3.761859554729939e-03
2.234224093264139e+01 -1.577978601339760e-02 5.179582222005529e-03
2.243343375277462e+01 -1.524487743828023e-02 6.541591789664716e-03
2.252462657290785e+01 -1.458871490587737e-02 7.837127613034726e-03
2.261581939304108e+01 -1.381782670193109e-02 9.056076299947429e-03
2.270701221317431e+01 -1.293963088879391e-02 1.018904948401314e-02
2.279820503330754e+01 -1.196236589379857e-02 1.122745491863256e-02
2.288939785344077e+01 -1.089501493924710e-02 1.216356036278161e-02
2.298059067357400e+01 -9.747224993104934e-03 1.299054979239906e-02
2.307178349370723e+01 -8.529220958996579e-03 1.370257153756036e-02
2.316297631384046e+01 -7.251715857416175e-03 1.429477801504484e-02
2.325416913397369e+01 -5.925817776931412e-03 1.476335679785756e-02
2.334536195410692e+01 -4.562934394370323e-03 1.510555283716513e-02
2.343655477424015e+01 -3.174675876387350e-03 1.531968172731255e-02
2.352774759437338e+01 -1.772756981319370e-03 1.540513398043506e-02
2.361894041450661e+01 -3.688991798373720e-04 1.536237035296398e-02
2.371013323463984e+01 1.025266394386638e-03 1.519290834133246e-02
2.380132605477307e+01 2.398294366841110e-03 1.489930003769425e-02
2.389251887490630e+01 3.739018140679608e-03 1.448510160776624e-02
2.398371169503953e+01 5.036639762129479e-03 1.395483472130870e-02
2.407490451517276e+01 6.280815916492676e-03 1.331394033062019e-02
2.416609733530600e+01 7.461739377284841e-03 1.256872525315178e-02
2.425729015543923e+01 8.570215275245876e-03 1.172630207040729e-02
2.434848297557246e+01 9.597731603023948e-03 1.079452290622930e-02
2.443967579570569e+01 1.053652342479978e-02 9.781907692989769e-03
2.453086861583892e+01 1.137963031746124e-02 8.697567573802094e-03
2.462206143597215e+01 1.212094663061826e-02 7.551124122417391e-03
2.471325425610538e+01 1.275526421620490e-02 6.352625089809218e-03
2.480444707623861e+01 1.327830734407947e-02 5.112457407501845e-03
2.489563989637184e+01 1.368675958732936e-02 3.841258192437940e-03
2.498683271650507e+01 1.397828252934054e-02 2.549824506646392e-03
2.507802553663830e+01 1.415152621353415e-02 1.249022627242355e-03
2.516921835677153e+01 1.420613132544374e-02 -5.030242150861006e-05
2.526041117690476e+01 1.414272316496070e-02 -1.337416332048273e-03
2.535160399703799e+01 1.396289753357979e-02 -2.601783246746587e-03
2.544279681717122e+01 1.366919872681789e-02 -3.833151054917652e-03
2.553398963730445e+01 1.326508988516173e-02 -5.021633574368364e-03
2.562518245743768e+01 1.275491601745122e-02 -6.157788969599309e-03
2.571637527757091e+01 1.214386006807157e-02 -7.232693794979072e-03
2.580756809770414e+01 1.143789245328416e-02 -8.238012091957542e-03
2.589876091783737e+01 1.064371454207070e-02 -9.166059014371059e-03
2.598995373797060e+01 9.768696602626730e-03 -1.000985850479618e-02
2.608114655810383e+01 8.820810776776405e-03 -1.076319459737318e-02
2.617233937823706e+01 7.808559680785434e-03 -1.142065597815646e-02
2.626353219837029e+01 6.740901262050463e-03 -1.197767349243341e-02
2.635472501850352e+01 5.627170566713319e-03 -1.243055034912627e-02
2.644591783863675e+01 4.476999093199542e-03 -1.277648483486097e-02
2.653711065876998e+01 3.300232420872830e-03 -1.301358541402678e-02
2.662830347890321e+01 2.106846811339750e-03 -1.314087815560870e-02
2.671949629903644e+01 9.068654823924209e-04 -1.315830649217951e-02
2.681068911916967e+01 -2.897247488456175e-04 -1.306672338060238e-02
2.690188193930290e+01 -1.473055766236458e-03 -1.286787599713108e-02
2.699307475943613e+01 -2.633458725993724e-03 -1.256438316111760e-02
2.708426757956936e+01 -3.761542247118292e-03 -1.215970574088141e-02
2.717546039970259e+01 -4.848267594651637e-03 -1.165811035191817e-02
2.726665321983582e+01 -5.885020260241713e-03 -1.106462671102426e-02
2.735784603996905e+01 -6.863677379968101e-03 -1.038499905962477e-02
2.744903886010228e+01 -7.776670469174452e-03 -9.625632115205115e-03
2.754023168023551e+01 -8.617042997816290e-03 -8.793532050904471e-03
2.763142450036874e+01 -9.378502377131078e-03 -7.896243039734751e-03
2.772261732050197e+01 -1.005546597883019e-02 -6.941779931304276e-03
2.781381014063520e+01 -1.064310086103549e-02 -5.938557655171650e-03
2.790500296076843e+01 -1.113735693035923e-02 -4.895317965911038e-03
2.799619578090166e+01 -1.153499332636898e-02 -3.821054160567171e-03
2.808738860103489e+01 -1.183359787269962e-02 -2.724934409397994e-03
2.817858142116812e+01 -1.203159949778174e-02 -1.616224345670704e-03
2.826977424130135e+01 -1.212827358706624e-02 -5.042095598578027e-04
2.836096706143458e+01 -1.212374028725879e-02 6.018813620271465e-04
2.845215988156781e+01 -1.201895584096932e-02 1.692952626879967e-03
2.854335270170104e+01 -1.181569708687531e-02 2.760115236237226e-03
2.863454552183427e+01 -1.151653931555491e-02 3.794758608076241e-03
2.872573834196750e+01 -1.112482772414468e-02 4.788619250287634e-03
2.881693116210073e+01 -1.064464276351430e-02 5.733845946541642e-03
2.890812398223396e+01 -1.008075971934655e-02 6.623060948444126e-03
2.899931680236719e+01 -9.438602913005703e-03 7.449416704845043e-03
2.909050962250042e+01 -8.724194949039924e-03 8.206647699631796e-03
2.918170244263365e+01 -7.944101473286769e-03 8.889117012999206e-03
2.927289526276688e+01 -7.105371938560634e-03 9.491857267697098e-03
2.936408808290011e+01 -6.215476903553051e-03 1.001060567075045e-02
2.945528090303334e+01 -5.282242414662624e-03 1.044183291223334e-02
2.954647372316657e+01 -4.313782039818726e-03 1.078276573543991e-02
2.963766654329980e+01 -3.318427137839270e-03 1.103140304679277e-02
2.972885936343303e+01 -2.304655956375919e-03 1.118652548860221e-02
2.982005218356626e+01 -1.281022156000905e-03 1.124769845286372e-02
2.991124500369950e+01 -2.560833574727094e-04 1.121526856917096e-02
3.000243782383273e+01 7.616696962776675e-04 1.109035375404061e-02
3.009363064396596e+01 1.763882782288983e-03 1.087482696200791e-02
3.018482346409919e+01 2.742406077848778e-03 1.057129383028522e-02
3.027601628423242e+01 3.689359732675077e-03 1.018306445812490e-02
3.036720910436565e+01 4.597196610913120e-03 9.714119608860745e-03
3.045840192449888e+01 5.458761709146815e-03 9.169071666520650e-03
3.054959474463211e+01 6.267347788770072e-03 8.553120719544116e-03
3.064078756476534e+01 7.016746796752953e-03 7.872006181178785e-03
3.073198038489857e+01 7.701296687730392e-03 7.131954389293944e-03
3.082317320503180e+01 8.315923302072493e-03 6.339622657402595e-03
3.091436602516503e+01 8.856176998781518e-03 5.502040273442772e-03
3.100555884529826e+01 9.318263788303525e-03 4.626546963193763e-03
3.109675166543149e+01 9.699070758232738e-03 3.720729350999205e-03
3.118794448556472e+01 9.996185634008999e-03 2.792355961684865e-03
3.127913730569795e+01 1.020791036664416e-02 1.849311314181459e-03
3.137033012583118e+01 1.033326868984391e-02 8.995296594163771e-04
3.146152294596441e+01 1.037200763920352e-02 -4.907108742021925e-05
3.155271576609764e+01 1.032459307604073e-02 -9.886546770122517e-04
3.164390858623087e+01 1.019219930748936e-02 -1.911530586427095e-03
3.173510140636410e+01 9.976692942324745e-03 -2.810216293328613e-03
3.182629422649733e+01 9.680611168255748e-03 -3.677497266592380e-03
3.191748704663056e+01 9.307134680739062e-03 -4.506484199208917e-03
3.200867986676379e+01 8.860055535412196e-03 -5.290667036160802e-03
3.209987268689702e+01 8.343740235681778e-03 -6.023965380143546e-03
3.219106550703025e+01 7.763088403546737e-03 -6.700774891318395e-03
3.228225832716348e+01 7.123487415107718e-03 -7.316009333466510e-03
3.237345114729671e+01 6.430763412166969e-03 -7.865137957665616e-03
3.246464396742994e+01 5.691129127636548e-03 -8.344217955618483e-03
3.255583678756317e+01 4.911128984956348e-03 -8.749921757693140e-03
3.264702960769640e+01 4.097581950217944e-03 -9.079558995233931e-03
3.273822242782963e+01 3.257522630069174e-03 -9.331092992399330e-03
3.282941524796286e+01 2.398141118646165e-03 -9.503151699290809e-03
3.292060806809609e+01 1.526722102688022e-03 -9.595033025060012e-03
3.301180088822932e+01 6.505837356154728e-04 -9.606704576613561e-03
3.310299370836255e+01 -2.229832112841025e-04 -9.538797855068738e-03
3.319418652849578e+01 -1.086775419271511e-03 -9.392597007842961e-03
3.328537934862901e+01 -1.933735823843894e-03 -9.170022278787354e-03
3.337657216876224e+01 -2.757010672327738e-03 -8.873608341713581e-03
3.346776498889547e+01 -3.550004380795742e-03 -8.506477743646263e-03
3.355895780902870e+01 -4.306431756148860e-03 -8.072309722814912e-03
3.365015062916194e+01 -5.020367175037605e-03 -7.575304702461514e-03
3.374134344929517e+01 -5.686290340287501e-03 -7.020144794695041e-03
3.383253626942840e+01 -6.299128267365602e-03 -6.411950678618298e-03
3.392372908956163e+01 -6.854293187879723e-03 -5.756235243567128e-03
3.401492190969486e+01 -7.347716093822595e-03 -5.058854411355518e-03
3.410611472982809e+01 -7.775875684928159e-03 -4.325955570768415e-03
3.419730754996132e+01 -8.135822521753364e-03 -3.563924073079241e-03
3.428850037009455e+01 -8.425198228585052e-03 -2.779328249019977e-03
3.437969319022778e+01 -8.642249632641482e-03 -1.978863415360868e-03
3.447088601036101e+01 -8.785837768933812e-03 -1.169295343060017e-03
3.456207883049424e+01 -8.855441723217325e-03 -3.574036588463348e-04
3.465327165062747e+01 -8.851157328341878e-03 4.500743518425646e-04
3.474446447076070e+01 -8.773690771659149e-03 1.246499080351761e-03
3.483565729089393e+01 -8.624347212621675e-03 2.025382619877483e-03
3.492685011102716e+01 -8.405014549988165e-03 2.780441046152300e-03
3.501804293116039e+01 -8.118142516815587e-03 3.505644538055663e-03
3.510923575129362e+01 -7.766717318371158e-03 4.195264943932112e-03
3.520042857142685e+01 -7.354232062952821e-03 4.843920423885368e-03
3.529162139156008e+01 -6.884653268099989e-03 5.446616825602597e-03
3.538281421169331e+01 -6.362383754562190e-03 5.998785481118200e-03
3.547400703182654e+01 -5.792222267448898e-03 6.496317144100869e-03
3.556519985195977e+01 -5.179320188009730e-03 6.935591821473913e-03
3.565639267209300e+01 -4.529135720316069e-03 7.313504289172714e-03
3.574758549222623e+01 -3.847385954585370e-03 7.627485119304691e-03
3.583877831235946e+01 -3.139997222888498e-03 7.875517084592609e-03
3.592997113249269e+01 -2.413054173417551e-03 8.056146845426066e-03
3.602116395262592e+01 -1.672747996306854e-03 8.168491864783712e-03
3.611235677275915e+01 -9.253242371632912e-04 8.212242536379958e-03
3.620354959289238e+01 -1.770306339756850e-04 8.187659551290739e-03
3.629474241302561e+01 5.659345910305073e-04 8.095566567681685e-03
3.638593523315884e+01 1.297473560683388e-03 7.937338286761306e-03
3.647712805329207e+01 2.011638280505106e-03 7.714884075383462e-03
3.656832087342530e+01 2.702678486358217e-03 7.430627311512373e-03
3.665951369355853e+01 3.365087421387008e-03 7.087480662741391e-03
3.675070651369176e+01 3.993645182181709e-03 6.688817539945427e-03
3.684189933382499e+01 4.583459297535279e-03 6.238439997691418e-03
3.693309215395822e+01 5.130002229182839e-03 5.740543380002598e-03
3.702428497409145e+01 5.629145512268646e-03 5.199678034268996e-03
3.711547779422468e+01 6.077190283713779e-03 4.620708437346630e-03
3.720667061435791e+01 6.470893978883916e-03 4.008770096049068e-03
3.729786343449114e+01 6.807493010693802e-03 3.369224599195703e-03
3.738905625462437e+01 7.084721280237348e-03 2.707613210059388e-03
3.748024907475760e+01 7.300824403897862e-03 2.029609396400000e-03
3.757144189489083e+01 7.454569578366409e-03 1.340970700256109e-03
3.766263471502406e+01 7.545251041771212e-03 6.474903512981831e-04
3.775382753515729e+01 7.572691125892932e-03 -4.505097414701584e-05
3.784502035529052e+01 7.537236930908372e-03 -7.309328512552539e-04
3.793621317542375e+01 7.439752689973976e-03 -1.404541873058338e-03
3.802740599555698e+01 7.281607925943560e-03 -2.060417107253895e-03
3.811859881569021e+01 7.064661536335337e-03 -2.693293879955746e-03
3.820979163582344e+01 6.791241975056587e-03 -3.298145539924083e-03
3.830098445595667e+01 6.464123730109257e-03 -3.870222876542482e-03
3.839217727608990e+01 6.086500325300361e-03 -4.405090887032124e-03
3.848337009622313e+01 5.661954100648660e-03 -4.898662612917877e-03
3.857456291635636e+01 5.194423050513304e-03 -5.347229792375183e-03
3.866575573648959e+01 4.688165020290468e-03 -5.747490103564599e-03
3.875694855662282e+01 4.147719581671584e-03 -6.096570804161401e-03
3.884814137675605e+01 3.577867922794988e-03 -6.392048603757227e-03
3.893933419688928e+01 2.983591103038786e-03 -6.631965638383729e-03
3.903052701702251e+01 2.370027032608497e-03 -6.814841449809480e-03
3.912171983715574e+01 1.742426544405704e-03 -6.939680906208446e-03
3.921291265728897e+01 1.106108929886992e-03 -7.005978035002977e-03
3.930410547742220e+01 4.664173117255220e-04 -7.013715772856423e-03
3.939529829755543e+01 -1.713257759130737e-04 -6.963361671639996e-03
3.948649111768867e+01 -8.018622337306305e-04 -6.855859632438667e-03
3.957768393782190e+01 -1.420041312597095e-03 -6.692617772011897e-03
3.966887675795513e+01 -2.020861251050699e-03 -6.475492557315928e-03
3.976006957808836e+01 -2.599509301992127e-03 -6.206769373467498e-03
3.985126239822159e+01 -3.151399831943922e-03 -5.889139718641202e-03
3.994245521835482e+01 -3.672210195102473e-03 -5.525675245619679e-03
4.003364803848805e+01 -4.157914105563858e-03 -5.119798893852206e-03
4.012484085862128e+01 -4.604812254357534e-03 -4.675253377740319e-03
4.021603367875451e+01 -5.009559943058410e-03 -4.196067316298834e-03
4.030722649888774e+01 -5.369191532540162e-03 -3.686519306201606e-03
4.039841931902097e+01 -5.681141533641006e-03 -3.151100254402909e-03
4.048961213915420e+01 -5.943262195889376e-03 -2.594474297941745e-03
4.058080495928743e+01 -6.153837480725719e-03 -2.021438647127166e-03
4.067199777942066e+01 -6.311593336598495e-03 -1.436882694031672e-03
4.076319059955389e+01 -6.415704224645808e-03 -8.457467310748464e-04
4.085438341968712e+01 -6.465795875137045e-03 -2.529806244715499e-04
4.094557623982035e+01 -6.461944286181767e-03 3.364972155184405e-04
4.103676905995358e+01 -6.404671007160252e-03 9.178402312150940e-04
4.112796188008681e+01 -6.294934779641532e-03 1.486313153005800e-03
4.121915470022004e+01 -6.134119637988637e-03 2.037330156604001e-03
4.131034752035327e+01 -5.924019600174101e-03 2.566491438399791e-03
4.140154034048650e+01 -5.666820106320246e-03 3.069617921000503e-03
4.149273316061973e+01 -5.365076387929073e-03 3.542783819053806e-03
4.158392598075296e+01 -5.021688974481024e-03 3.982346815495899e-03
4.167511880088619e+01 -4.639876565880727e-03 4.384975620296135e-03
4.176631162101942e+01 -4.223146518948557e-03 4.747674707386491e-03
4.185750444115265e+01 -3.775263213654483e-03 5.067806050566742e-03
4.194869726128588e+01 -3.300214579939556e-03 5.343107705549517e-03
4.203989008141911e+01 -2.802177078664734e-03 5.571709112729363e-03
4.213108290155234e+01 -2.285479440381718e-03 5.752143023493934e-03
4.222227572168557e+01 -1.754565473172598e-03 5.883353981703955e-03
4.231346854181880e+01 -1.213956255713228e-03 5.964703321108186e-03
4.240466136195203e+01 -6.682120339602637e-04 5.995970668683485e-03
4.249585418208526e+01 -1.218941394473438e-04 5.977351972952062e-03
4.258704700221849e+01 4.204727558721050e-04 5.909454104983547e-03
4.267823982235172e+01 9.544377389314985e-04 5.793286107798879e-03
4.276943264248495e+01 1.475659807852662e-03 5.630247197023774e-03
4.286062546261818e+01 1.979942786662821e-03 5.422111641668038e-03
4.295181828275141e+01 2.463268724737770e-03 5.171010678622156e-03
4.304301110288464e+01 2.921829518358609e-03 4.879411637666208e-03
4.313420392301787e+01 3.352056508886187e-03 4.550094475296427e-03
4.322539674315110e+01 3.750647831052187e-03 4.186125935326562e-03
4.331658956328433e+01 4.114593305562270e-03 3.790831571868385e-03
4.340778238341756e+01 4.441196692416272e-03 3.367765885811633e-03
4.349897520355079e+01 4.728095144873564e-03 2.920680839201941e-03
4.359016802368402e+01 4.973275728620436e-03 2.453493022870599e-03
4.368136084381725e+01 5.175088896215580e-03 1.970249761237713e-03
4.377255366395048e+01 5.332258833079863e-03 1.475094444347006e-03
4.386374648408371e+01 5.443890617934308e-03 9.722313808733700e-04
4.395493930421694e+01 5.509474167451913e-03 4.658904670706327e-04
4.404613212435017e+01 5.528884961750935e-03 -3.970803458597724e-05
4.413732494448340e+01 5.502381573998740e-03 -5.403883169244045e-04
4.422851776461663e+01 5.430600053599534e-03 -1.032053165594185e-03
4.431971058474986e+01 5.314545237994931e-03 -1.510717136647520e-03
4.441090340488309e+01 5.155579092810015e-03 -1.972538508682157e-03
4.450209622501632e+01 4.955406203734051e-03 -2.413849756559438e-03
4.459328904514955e+01 4.716056565949904e-03 -2.831186308189384e-03
4.468448186528278e+01 4.439865837946116e-03 -3.221313362183973e-03
4.477567468541601e+01 4.129453246000372e-03 -3.581250562172721e-03
4.486686750554924e+01 3.787697343366186e-03 -3.908294343092442e-03
4.495806032568247e+01 3.417709844094813e-03 -4.200037785634951e-03
4.504925314581570e+01 3.022807765366251e-03 -4.454387837082366e-03
4.514044596594893e+01 2.606484124088294e-03 -4.669579779790193e-03
4.523163878608216e+01 2.172377443269956e-03 -4.844188852396932e-03
4.532283160621540e+01 1.724240331222698e-03 -4.977138953243066e-03
4.541402442634863e+01 1.265907401945594e-03 -5.067708380265212e-03
4.550521724648186e+01 8.012628080839733e-04 -5.115532586583486e-03
4.559641006661509e+01 3.342076586092190e-04 -5.120603955912081e-03
4.568760288674832e+01 -1.313724081363923e-04 -5.083268626585700e-03
4.577879570688155e+01 -5.916392291196747e-04 -5.004220417202557e-03
4.586998852701478e+01 -1.042833438024121e-03 -4.884491930437784e-03
4.596118134714801e+01 -1.481304850411474e-03 -4.725442934286062e-03
4.605237416728124e+01 -1.903541669712068e-03 -4.528746141664986e-03
4.614356698741447e+01 -2.306198283089809e-03 -4.296370529777448e-03
4.623475980754770e+01 -2.686121430004039e-03 -4.030562359731039e-03
4.632595262768093e+01 -3.040374541740612e-03 -3.733824074497522e-03
4.641714544781416e+01 -3.366260067164151e-03 -3.408891269233229e-03
4.650833826794739e+01 -3.661339618296776e-03 -3.058707942155063e-03
4.659953108808062e+01 -3.923451788890313e-03 -2.686400246476647e-03
4.669072390821385e+01 -4.150727519754966e-03 -2.295248974272219e-03
4.678191672834708e+01 -4.341602906057180e-03 -1.888661011487074e-03
4.687310954848031e+01 -4.494829363917173e-03 -1.470140009605135e-03
4.696430236861354e+01 -4.609481096232945e-03 -1.043256523686995e-03
4.705549518874677e+01 -4.684959820541430e-03 -6.116178685932480e-04
4.714668800888000e+01 -4.720996744707335e-03 -1.788379452131361e-04
4.723788082901323e+01 -4.717651799115589e-03 2.514927135506931e-04
4.732907364914646e+01 -4.675310156646955e-03 6.758364313962629e-04
4.742026646927969e+01 -4.594676093854610e-03 1.090737172278613e-03
4.751145928941292e+01 -4.476764268254706e-03 1.492848387554476e-03
4.760265210954615e+01 -4.322888507325164e-03 1.878959704895124e-03
4.769384492967938e+01 -4.134648224511532e-03 2.246022248815635e-03
4.778503774981261e+01 -3.913912596113418e-03 2.591172395862624e-03
4.787623056994584e+01 -3.662802650226883e-03 2.911753782200406e-03
4.796742339007907e+01 -3.383671434816208e-03 3.205337397405531e-03
4.805861621021230e+01 -3.079082446363712e-03 3.469739615579173e-03
4.814980903034553e+01 -2.751786513293740e-03 3.703038033264964e-03
4.824100185047876e+01 -2.404697339395142e-03 3.903585002957032e-03
4.833219467061199e+01 -2.040865921699498e-03 4.070018771033608e-03
4.842338749074522e+01 -1.663454064648877e-03 4.201272149584187e-03
4.851458031087845e+01 -1.275707217861997e-03 4.296578672637479e-03
4.860577313101168e+01 -8.809268683524112e-04 4.355476208565662e-03
4.869696595114491e+01 -4.824427196538301e-04 4.377808021758415e-03
4.878815877127814e+01 -8.358488996971426e-05 4.363721297849931e-03
4.887935159141137e+01 3.123436407934965e-04 4.313663167666999e-03
4.897054441154460e+01 7.020941093920393e-04 4.228374285474021e-03
4.906173723167783e+01 1.082498353266658e-03 4.108880036854264e-03
4.915293005181106e+01 1.450494288219459e-03 3.956479470525477e-03
4.924412287194429e+01 1.803150277172627e-03 3.772732066390241e-03
4.933531569207752e+01 2.137688198456398e-03 3.559442469024869e-03
4.942650851221075e+01 2.451505034580666e-03 3.318643331483870e-03
4.951770133234398e+01 2.742192816320042e-03 3.052576428620583e-03
4.960889415247721e+01 3.007556772058380e-03 2.763672211992205e-03
4.970008697261044e+01 3.245631548558281e-03 2.454527989736128e-03
4.979127979274367e+01 3.454695386499220e-03 2.127884924495936e-03
4.988247261287690e+01 3.633282152113137e-03 1.786604050475637e-03
4.997366543301013e+01 3.780191144882048e-03 1.433641516960986e-03

