-2.958275e+00 3.715524e-01
-2.921767e+00 4.295432e-01
-2.879851e+00 4.902004e-01
-2.832274e+00 5.537377e-01
-2.778764e+00 6.203616e-01
-2.719030e+00 6.902629e-01
-2.652765e+00 7.636056e-01
-2.579650e+00 8.405118e-01
-2.499358e+00 9.210407e-01
-2.411556e+00 1.005165e+00
-2.315925e+00 1.092738e+00
-2.212161e+00 1.183460e+00
-2.099998e+00 1.276837e+00
-1.979225e+00 1.372139e+00
-1.849711e+00 1.468355e+00
-1.711430e+00 1.564165e+00
-1.564492e+00 1.657917e+00
-1.409173e+00 1.747630e+00
-1.245941e+00 1.831035e+00
-1.075485e+00 1.905647e+00
-8.987241e-01 1.968894e+00
-7.168092e-01 2.018271e+00
-5.311109e-01 2.051529e+00
-3.431850e-01 2.066872e+00
-1.547245e-01 2.063115e+00
3.250242e-02 2.039806e+00
2.167214e-01 1.997262e+00
3.962207e-01 1.936526e+00
5.694129e-01 1.859256e+00
7.348834e-01 1.767556e+00
8.914226e-01 1.663781e+00
1.038040e+00 1.550352e+00
1.173962e+00 1.429595e+00
1.298619e+00 1.303619e+00
1.411620e+00 1.174236e+00
1.512725e+00 1.042932e+00
1.601813e+00 9.108575e-01
1.678855e+00 7.788498e-01
1.743883e+00 6.474706e-01
1.796973e+00 5.170487e-01
1.838219e+00 3.877255e-01
1.867722e+00 2.595010e-01
1.885579e+00 1.322758e-01
1.891873e+00 5.890039e-03
1.886673e+00 -1.198401e-01
1.870030e+00 -2.450885e-01
1.841983e+00 -3.699867e-01
1.802559e+00 -4.945909e-01
1.751787e+00 -6.188501e-01
1.689706e+00 -7.425721e-01
1.616380e+00 -8.653916e-01
1.531915e+00 -9.867386e-01
1.436482e+00 -1.105812e+00
1.330332e+00 -1.221563e+00
1.213826e+00 -1.332689e+00
1.087456e+00 -1.437651e+00
9.518596e-01 -1.534713e+00
8.078428e-01 -1.622012e+00
6.563822e-01 -1.697657e+00
4.986237e-01 -1.759848e+00
3.358683e-01 -1.807013e+00
1.695443e-01 -1.837947e+00
1.169346e-03 -1.851918e+00
-1.676973e-01 -1.848749e+00
-3.355065e-01 -1.828839e+00
-5.007707e-01 -1.793133e+00
-6.621107e-01 -1.743043e+00
-8.182927e-01 -1.680325e+00
-9.682536e-01 -1.606944e+00
-1.111114e+00 -1.524932e+00
-1.246177e+00 -1.436269e+00
-1.372922e+00 -1.342781e+00
-1.490984e+00 -1.246073e+00
-1.600132e+00 -1.147491e+00
-1.700246e+00 -1.048109e+00
-1.791292e+00 -9.487333e-01
-1.873299e+00 -8.499285e-01
-1.946335e+00 -7.520404e-01
-2.010493e+00 -6.552307e-01
-2.065873e+00 -5.595085e-01
-2.112569e+00 -4.647610e-01
-2.150662e+00 -3.707812e-01
-2.180209e+00 -2.772919e-01
-2.201241e+00 -1.839665e-01
-2.213756e+00 -9.044760e-02
-2.217720e+00 3.637684e-03
-2.213064e+00 9.866289e-02
-2.199686e+00 1.949884e-01
-2.177451e+00 2.929471e-01
-2.146198e+00 3.928292e-01
-2.105739e+00 4.948640e-01
-2.055872e+00 5.992000e-01
-1.996382e+00 7.058803e-01
-1.927061e+00 8.148151e-01
-1.847711e+00 9.257497e-01
-1.758170e+00 1.038231e+00
-1.658326e+00 1.151573e+00
-1.548142e+00 1.264824e+00
-1.427680e+00 1.376746e+00
-1.297130e+00 1.485804e+00
-1.156833e+00 1.590182e+00
-1.007308e+00 1.687826e+00
-8.492697e-01 1.776524e+00
-6.836361e-01 1.854025e+00
-5.115279e-01 1.918186e+00
-3.342494e-01 1.967137e+00
-1.532565e-01 1.999455e+00
2.989066e-02 2.014298e+00
2.135855e-01 2.011497e+00
3.962381e-01 1.991587e+00
5.763379e-01 1.955756e+00
7.525084e-01 1.905741e+00
9.235511e-01 1.843672e+00
1.088473e+00 1.771899e+00
1.246498e+00 1.692825e+00
1.397068e+00 1.608758e+00
1.539825e+00 1.521800e+00
1.674590e+00 1.433777e+00
1.801339e+00 1.346203e+00
1.920169e+00 1.260272e+00
2.031272e+00 1.176879e+00
2.134911e+00 1.096646e+00
2.231393e+00 1.019962e+00
2.321051e+00 9.470258e-01
2.404232e+00 8.778786e-01
2.481277e+00 8.124432e-01
2.552518e+00 7.505537e-01
2.618268e+00 6.919801e-01
2.678817e+00 6.364498e-01
2.734431e+00 5.836640e-01
2.785343e+00 5.333100e-01
2.831763e+00 4.850712e-01
2.873868e+00 4.386337e-01
2.911809e+00 3.936914e-01
2.945708e+00 3.499491e-01
2.975662e+00 3.071240e-01
3.001743e+00 2.649473e-01
3.023997e+00 2.231633e-01
3.042449e+00 1.815297e-01
3.057103e+00 1.398158e-01
3.067940e+00 9.780152e-02
3.074925e+00 5.527576e-02
3.078000e+00 1.203430e-02
3.077092e+00 -3.212194e-02
3.072108e+00 -7.738900e-02
3.062938e+00 -1.239618e-01
3.049453e+00 -1.720359e-01
3.031509e+00 -2.218093e-01
3.008941e+00 -2.734837e-01
2.981566e+00 -3.272650e-01
2.949182e+00 -3.833637e-01
2.911569e+00 -4.419938e-01
2.868485e+00 -5.033706e-01
2.819671e+00 -5.677068e-01
2.764847e+00 -6.352061e-01
2.703717e+00 -7.060549e-01
2.635966e+00 -7.804092e-01
2.561271e+00 -8.583788e-01
2.479299e+00 -9.400057e-01
2.389718e+00 -1.025238e+00
2.292206e+00 -1.113897e+00
2.186465e+00 -1.205641e+00
2.072237e+00 -1.299924e+00
1.949325e+00 -1.395950e+00
1.817616e+00 -1.492637e+00
1.677111e+00 -1.588583e+00
1.527956e+00 -1.682051e+00
1.370467e+00 -1.770978e+00
1.205164e+00 -1.853027e+00
1.032787e+00 -1.925667e+00
8.543144e-01 -1.986312e+00
6.709527e-01 -2.032491e+00
4.841234e-01 -2.062034e+00
2.954245e-01 -2.073269e+00
1.065773e-01 -2.065176e+00
-8.063746e-02 -2.037486e+00
-2.644498e-01 -1.990704e+00
-4.431692e-01 -1.926044e+00
-6.152433e-01 -1.845301e+00
-7.793033e-01 -1.750672e+00
-9.341917e-01 -1.644562e+00
-1.078973e+00 -1.529395e+00
-1.212926e+00 -1.407466e+00
-1.335531e+00 -1.280828e+00
-1.446441e+00 -1.151223e+00
-1.545451e+00 -1.020058e+00
-1.632470e+00 -8.884048e-01
-1.707492e+00 -7.570303e-01
-1.770566e+00 -6.264315e-01
-1.821776e+00 -4.968818e-01
-1.861225e+00 -3.684772e-01
-1.889015e+00 -2.411805e-01
-1.905242e+00 -1.148629e-01
-1.909988e+00 1.065801e-02
-1.903316e+00 1.355831e-01
-1.885272e+00 2.600988e-01
-1.855886e+00 3.843447e-01
-1.815180e+00 5.083824e-01
-1.763172e+00 6.321623e-01
-1.699896e+00 7.554917e-01
-1.625406e+00 8.780009e-01
-1.539803e+00 9.991129e-01
-1.443249e+00 1.118016e+00
-1.335992e+00 1.233648e+00
-1.218389e+00 1.344689e+00
-1.090927e+00 1.449580e+00
-9.542465e-01 1.546564e+00
-8.091537e-01 1.633754e+00
-6.566292e-01 1.709238e+00
-4.978246e-01 1.771197e+00
-3.340479e-01 1.818049e+00
-1.667352e-01 1.848580e+00
2.587824e-03 1.862063e+00
1.723545e-01 1.858332e+00
3.410098e-01 1.837805e+00
5.070622e-01 1.801451e+00
6.691309e-01 1.750710e+00
8.259832e-01 1.687365e+00
9.765594e-01 1.613407e+00
1.119985e+00 1.530889e+00
1.255572e+00 1.441808e+00
1.382807e+00 1.348001e+00
1.501334e+00 1.251078e+00
1.610932e+00 1.152387e+00
1.711492e+00 1.053002e+00
1.802988e+00 9.537255e-01
1.885458e+00 8.551164e-01
1.958980e+00 7.575149e-01
2.023654e+00 6.610763e-01
2.079586e+00 5.658037e-01
2.126880e+00 4.715784e-01
2.165621e+00 3.781878e-01
2.195873e+00 2.853492e-01
2.217671e+00 1.927309e-01
2.231020e+00 9.996972e-02
2.235888e+00 6.686708e-03
2.232212e+00 -8.749880e-02
2.219891e+00 -1.829558e-01
2.198794e+00 -2.800283e-01
2.168760e+00 -3.790198e-01
2.129601e+00 -4.801774e-01
2.081111e+00 -5.836715e-01
2.023074e+00 -6.895727e-01
1.955271e+00 -7.978250e-01
1.877497e+00 -9.082142e-01
1.789573e+00 -1.020335e+00
1.691369e+00 -1.133554e+00
1.582823e+00 -1.246979e+00
1.463967e+00 -1.359431e+00
1.334956e+00 -1.469433e+00
1.196092e+00 -1.575217e+00
1.047849e+00 -1.674759e+00
8.908963e-01 -1.765855e+00
7.261082e-01 -1.846228e+00
5.545640e-01 -1.913674e+00
3.775348e-01 -1.966226e+00
1.964533e-01 -2.002328e+00
1.286989e-02 -2.020986e+00
-1.716044e-01 -2.021870e+00
-3.553609e-01 -2.005363e+00
-5.368569e-01 -1.972524e+00
-7.146740e-01 -1.924995e+00
-8.875645e-01 -1.864851e+00
-1.054484e+00 -1.794433e+00
-1.214605e+00 -1.716163e+00
-1.367320e+00 -1.632401e+00
-1.512231e+00 -1.545318e+00
-1.649121e+00 -1.456815e+00
-1.777938e+00 -1.368484e+00
-1.898757e+00 -1.281594e+00
-2.011756e+00 -1.197105e+00
-2.117186e+00 -1.115696e+00
-2.215350e+00 -1.037803e+00
-2.306580e+00 -9.636594e-01
-2.391224e+00 -8.933350e-01
-2.469626e+00 -8.267728e-01
-2.542125e+00 -7.638206e-01
-2.609039e+00 -7.042575e-01
-2.670666e+00 -6.478161e-01
-2.727278e+00 -5.941996e-01
-2.779116e+00 -5.430956e-01
-2.826397e+00 -4.941860e-01
-2.869306e+00 -4.471547e-01
-2.907999e+00 -4.016925e-01
-2.942607e+00 -3.575008e-01
-2.973232e+00 -3.142939e-01
-2.999952e+00 -2.717994e-01
-3.022818e+00 -2.297588e-01
-3.041863e+00 -1.879269e-01
-3.057093e+00 -1.460707e-01
-3.068496e+00 -1.039682e-01
-3.076041e+00 -6.140643e-02
-3.079676e+00 -1.818013e-02
-3.079331e+00 2.591065e-02
-3.074918e+00 7.106234e-02
-3.066332e+00 1.174699e-01
-3.053449e+00 1.653287e-01
-3.036128e+00 2.148361e-01
-3.014210e+00 2.661930e-01
-2.987516e+00 3.196045e-01
-2.955850e+00 3.752803e-01
-2.918995e+00 4.334336e-01
-2.876716e+00 4.942796e-01
-2.828757e+00 5.580314e-01
-2.774844e+00 6.248945e-01
-2.714685e+00 6.950584e-01
-2.647970e+00 7.686847e-01
-2.574379e+00 8.458917e-01
-2.493581e+00 9.267338e-01
-2.405246e+00 1.011176e+00
-2.309052e+00 1.099063e+00
-2.204698e+00 1.190083e+00
-2.091918e+00 1.283726e+00
-1.970507e+00 1.379242e+00
-1.840338e+00 1.475602e+00
-1.701394e+00 1.571459e+00
-1.553793e+00 1.665137e+00
-1.397823e+00 1.754630e+00
-1.233970e+00 1.837648e+00
-1.062935e+00 1.911694e+00
-8.856556e-01 1.974187e+00
-7.032993e-01 2.022633e+00
-5.172517e-01 2.054804e+00
-3.290814e-01 2.068940e+00
-1.404903e-01 2.063904e+00
4.674929e-02 2.039297e+00
2.308638e-01 1.995491e+00
4.101472e-01 1.933581e+00
5.830222e-01 1.855268e+00
7.480874e-01 1.762683e+00
9.041485e-01 1.658198e+00
1.050231e+00 1.544235e+00
1.185577e+00 1.423113e+00
1.309633e+00 1.296924e+00
1.422019e+00 1.167462e+00
1.522506e+00 1.036186e+00
1.610984e+00 9.042266e-01
1.687428e+00 7.723985e-01
1.751879e+00 6.412444e-01
1.804412e+00 5.110763e-01
1.845126e+00 3.820221e-01
1.874121e+00 2.540705e-01
1.891495e+00 1.271129e-01
1.897330e+00 9.828798e-04
1.891693e+00 -1.245088e-01
1.874635e+00 -2.495398e-01
1.846191e+00 -3.742443e-01
1.806387e+00 -4.986802e-01
1.755248e+00 -6.227969e-01
1.692813e+00 -7.464024e-01
1.619142e+00 -8.691301e-01
1.534340e+00 -9.904081e-01
1.438574e+00 -1.109432e+00
1.332095e+00 -1.225150e+00
1.215264e+00 -1.336253e+00
1.088569e+00 -1.441197e+00
9.526505e-01 -1.538239e+00
8.083133e-01 -1.625511e+00
6.565354e-01 -1.701113e+00
4.984645e-01 -1.763241e+00
3.354034e-01 -1.810319e+00
1.687830e-01 -1.841139e+00
1.230166e-04 -1.854971e+00
-1.690149e-01 -1.851641e+00
-3.370797e-01 -1.831552e+00
-5.025827e-01 -1.795658e+00
-6.641442e-01 -1.745377e+00
-8.205306e-01 -1.682475e+00
-9.706797e-01 -1.608923e+00
-1.113713e+00 -1.526761e+00
-1.248938e+00 -1.437973e+00
-1.375833e+00 -1.344389e+00
-1.494038e+00 -1.247616e+00
-1.603325e+00 -1.148999e+00
-1.703576e+00 -1.049614e+00
-1.794761e+00 -9.502654e-01
-1.876909e+00 -8.515165e-01
-1.950094e+00 -7.537114e-01
-2.014409e+00 -6.570098e-01
-2.069957e+00 -5.614192e-01
-2.116834e+00 -4.668251e-01
-2.155123e+00 -3.730187e-01
-2.184883e+00 -2.797212e-01
-2.206146e+00 -1.866045e-01
-2.218912e+00 -9.330928e-02
-2.223147e+00 5.390457e-04
-2.218785e+00 9.531625e-02
-2.205724e+00 1.913854e-01
-2.183830e+00 2.890827e-01
-2.152941e+00 3.887024e-01
-2.112870e+00 4.904794e-01
-2.063414e+00 5.945686e-01
-2.004358e+00 7.010217e-01
-1.935488e+00 8.097589e-01
-1.856607e+00 9.205378e-01
-1.767546e+00 1.032920e+00
-1.668189e+00 1.146234e+00
-1.558489e+00 1.259547e+00
-1.438502e+00 1.371638e+00
-1.308405e+00 1.480990e+00
-1.168529e+00 1.585798e+00
-1.019378e+00 1.684020e+00
-8.616551e-01 1.773443e+00
-6.962641e-01 1.851809e+00
-5.243140e-01 1.916953e+00
-3.470994e-01 1.966980e+00
-1.660697e-01 2.000424e+00
1.721739e-02 2.016396e+00
2.011537e-01 2.014684e+00
3.841434e-01 1.995774e+00
5.646660e-01 1.960820e+00
7.413325e-01 1.911529e+00
9.129296e-01 1.850017e+00
1.078449e+00 1.778632e+00
1.237100e+00 1.699784e+00
1.388309e+00 1.615797e+00
1.531706e+00 1.528793e+00
1.667104e+00 1.440621e+00
1.794466e+00 1.352817e+00
1.913887e+00 1.266599e+00
2.025552e+00 1.182880e+00
2.129722e+00 1.102298e+00
2.226703e+00 1.025257e+00
2.316829e+00 9.519648e-01
2.400444e+00 8.824715e-01
2.477892e+00 8.167058e-01
2.549508e+00 7.545053e-01
2.615605e+00 6.956431e-01
2.676476e+00 6.398478e-01
2.732388e+00 5.868213e-01
2.783579e+00 5.362508e-01
2.830257e+00 4.878195e-01
2.872605e+00 4.412126e-01
2.910774e+00 3.961232e-01
2.944890e+00 3.522552e-01
2.975049e+00 3.093249e-01
3.001326e+00 2.670625e-01
3.023770e+00 2.252116e-01
3.042407e+00 1.835289e-01
3.057241e+00 1.417832e-01
3.068257e+00 9.975390e-02
3.075420e+00 5.722946e-02
3.078674e+00 1.400539e-02
3.077947e+00 -3.011756e-02
3.073148e+00 -7.533544e-02
3.064167e+00 -1.218431e-01
3.050880e+00 -1.698359e-01
3.033141e+00 -2.195117e-01
3.010787e+00 -2.710716e-01
2.983638e+00 -3.247214e-01
2.951493e+00 -3.806712e-01
2.914132e+00 -4.391346e-01
2.871318e+00 -5.003270e-01
2.822790e+00 -5.644610e-01
2.768272e+00 -6.317412e-01
2.707468e+00 -7.023548e-01
2.640067e+00 -7.764598e-01
2.565744e+00 -8.541689e-01
2.484168e+00 -9.355284e-01
2.395007e+00 -1.020492e+00
2.297940e+00 -1.108889e+00
2.192667e+00 -1.200389e+00
2.078928e+00 -1.294456e+00
1.956522e+00 -1.390312e+00
1.825333e+00 -1.486892e+00
1.685354e+00 -1.582813e+00
1.536722e+00 -1.676357e+00
1.379745e+00 -1.765483e+00
1.214928e+00 -1.847867e+00
1.043002e+00 -1.920990e+00
8.649273e-01 -1.982269e+00
6.819000e-01 -2.029221e+00
4.953290e-01 -2.059658e+00
3.068024e-01 -2.071877e+00
1.180352e-01 -2.064818e+00
-6.919449e-02 -2.038169e+00
-2.531153e-01 -1.992388e+00
-4.320310e-01 -1.928651e+00
-6.043809e-01 -1.848721e+00
-7.687849e-01 -1.754774e+00
-9.240731e-01 -1.649203e+00
-1.069296e+00 -1.534433e+00
-1.203722e+00 -1.412768e+00
-1.326818e+00 -1.286274e+00
-1.438227e+00 -1.156710e+00
-1.537736e+00 -1.025501e+00
-1.625247e+00 -8.937398e-01
-1.700749e+00 -7.622082e-01
-1.764286e+00 -6.314188e-01
-1.815942e+00 -5.016579e-01
-1.855816e+00 -3.730322e-01
-1.884011e+00 -2.455131e-01
-1.900624e+00 -1.189785e-01
-1.905736e+00 6.748730e-03
-1.899411e+00 1.318656e-01
-1.881698e+00 2.565555e-01
-1.852628e+00 3.809564e-01
-1.812224e+00 5.051286e-01
-1.760508e+00 6.290224e-01
-1.697514e+00 7.524449e-01
-1.623298e+00 8.750279e-01
-1.537964e+00 9.961959e-01
-1.441674e+00 1.115140e+00
-1.334678e+00 1.230801e+00
-1.217333e+00 1.341862e+00
-1.090128e+00 1.446771e+00
-9.537031e-01 1.543774e+00
-8.088636e-01 1.630991e+00
-6.565894e-01 1.706514e+00
-4.980308e-01 1.768529e+00
-3.344941e-01 1.815456e+00
-1.674137e-01 1.846083e+00
1.686791e-03 1.859683e+00
1.712424e-01 1.856085e+00
3.396993e-01 1.835704e+00
5.055671e-01 1.799504e+00
6.674654e-01 1.748917e+00
8.241610e-01 1.685720e+00
9.745934e-01 1.611897e+00
1.117887e+00 1.529499e+00
1.253352e+00 1.440516e+00
1.380472e+00 1.346782e+00
1.498891e+00 1.249909e+00
1.608384e+00 1.151243e+00
1.708839e+00 1.051857e+00
1.800230e+00 9.525563e-01
1.882592e+00 8.538998e-01
1.955999e+00 7.562295e-01
2.020552e+00 6.597021e-01
2.076355e+00 5.643221e-01
2.123508e+00 4.699724e-01
2.162096e+00 3.764415e-01
2.192181e+00 2.834480e-01
2.213799e+00 1.906614e-01
2.226951e+00 9.771983e-02
2.231605e+00 4.245784e-03
2.227697e+00 -9.013980e-02
2.215126e+00 -1.858040e-01
2.193760e+00 -2.830881e-01
2.163437e+00 -3.822927e-01
2.123970e+00 -4.836607e-01
2.075153e+00 -5.873575e-01
2.016771e+00 -6.934472e-01
1.948607e+00 -8.018659e-01
1.870458e+00 -9.123900e-01
1.782149e+00 -1.024603e+00
1.683553e+00 -1.137858e+00
1.574615e+00 -1.251251e+00
1.455375e+00 -1.363587e+00
1.325994e+00 -1.473376e+00
1.186784e+00 -1.578836e+00
1.038230e+00 -1.677938e+00
8.810121e-01 -1.768475e+00
7.160149e-01 -1.848175e+00
5.443278e-01 -1.914846e+00
3.672299e-01 -1.966547e+00
1.861600e-01 -2.001750e+00
2.670822e-03 -2.019497e+00
-1.816272e-01 -2.019499e+00
-3.651294e-01 -2.002174e+00
-5.463007e-01 -1.968611e+00
-7.237325e-01 -1.920478e+00
-8.961887e-01 -1.859863e+00
-1.062637e+00 -1.789110e+00
-1.222262e+00 -1.710638e+00
-1.374469e+00 -1.626793e+00
-1.518868e+00 -1.539732e+00
-1.655254e+00 -1.451337e+00
-1.783579e+00 -1.363183e+00
-1.903925e+00 -1.276519e+00
-2.016472e+00 -1.192290e+00
-2.121476e+00 -1.111161e+00
-2.219239e+00 -1.033558e+00
-2.310096e+00 -9.597043e-01
-2.394392e+00 -8.896635e-01
-2.472472e+00 -8.233735e-01
-2.544672e+00 -7.606787e-01
-2.611311e+00 -7.013561e-01
-2.672684e+00 -6.451370e-01
-2.729060e+00 -5.917240e-01
-2.780682e+00 -5.408047e-01
-2.827761e+00 -4.920612e-01
-2.870483e+00 -4.451781e-01
-2.909003e+00 -3.998469e-01
-2.943448e+00 -3.557699e-01
-2.973920e+00 -3.126620e-01
-3.000494e+00 -2.702518e-01
-3.023223e+00 -2.282815e-01
-3.042135e+00 -1.865067e-01
-3.057238e+00 -1.446949e-01
-3.068518e+00 -1.026247e-01
-3.075941e+00 -6.008363e-02
-3.079455e+00 -1.686675e-02
-3.078991e+00 2.722559e-02
-3.074457e+00 7.238963e-02
-3.065749e+00 1.188202e-01
-3.052742e+00 1.667127e-01
-3.035293e+00 2.162644e-01
-3.013242e+00 2.676764e-01
-2.986410e+00 3.211539e-01
-2.954599e+00 3.769066e-01
-2.917592e+00 4.351479e-01
-2.875152e+00 4.960929e-01
-2.827023e+00 5.599547e-01
-2.772929e+00 6.269383e-01
-2.712578e+00 6.972327e-01
-2.645658e+00 7.709984e-01
-2.571849e+00 8.483521e-01
-2.490820e+00 9.293456e-01
-2.402240e+00 1.013941e+00
-2.305787e+00 1.101978e+00
-2.201160e+00 1.193139e+00
-2.088096e+00 1.286908e+00
-1.966390e+00 1.382525e+00
-1.835919e+00 1.478951e+00
-1.696667e+00 1.574829e+00
-1.548760e+00 1.668470e+00
-1.392491e+00 1.757857e+00
-1.228351e+00 1.840691e+00
-1.057051e+00 1.914467e+00
-8.795339e-01 1.976604e+00
-6.969766e-01 2.024611e+00
-5.107713e-01 2.056272e+00
-3.224927e-01 2.069842e+00
-1.338464e-01 2.064208e+00
5.339330e-02 2.038996e+00
2.374534e-01 1.994604e+00
4.166308e-01 1.932151e+00
5.893529e-01 1.853356e+00
7.542246e-01 1.760364e+00
9.100588e-01 1.655553e+00
1.055888e+00 1.541348e+00
1.190964e+00 1.420062e+00
1.314736e+00 1.293779e+00
1.426833e+00 1.164283e+00
1.527031e+00 1.033025e+00
1.615223e+00 9.011221e-01
1.691388e+00 7.693801e-01
1.755568e+00 6.383327e-01
1.807841e+00 5.082842e-01
1.848306e+00 3.793561e-01
1.877064e+00 2.515320e-01
1.894212e+00 1.246994e-01
1.899832e+00 -1.311563e-03
1.893992e+00 -1.266923e-01
1.876739e+00 -2.516224e-01
1.848109e+00 -3.762370e-01
1.808127e+00 -5.005948e-01
1.756817e+00 -6.246455e-01
1.694215e+00 -7.481968e-01
1.620383e+00 -8.708817e-01
1.535422e+00 -9.921271e-01
1.439501e+00 -1.111128e+00
1.332869e+00 -1.226828e+00
1.215885e+00 -1.337919e+00
1.089038e+00 -1.442853e+00
9.529692e-01 -1.539884e+00
8.084827e-01 -1.627140e+00
6.565572e-01 -1.702719e+00
4.983413e-01 -1.764814e+00
3.351388e-01 -1.811847e+00
1.683814e-01 -1.842611e+00
-4.096576e-04 -1.856374e+00
-1.696719e-01 -1.852964e+00
-3.378536e-01 -1.832789e+00
-5.034653e-01 -1.796804e+00
-6.651272e-01 -1.746433e+00
-8.216058e-01 -1.683443e+00
-9.718395e-01 -1.609811e+00
-1.114951e+00 -1.527579e+00
-1.250247e+00 -1.438733e+00
-1.377210e+00 -1.345104e+00
-1.495478e+00 -1.248300e+00
-1.604827e+00 -1.149669e+00
-1.705139e+00 -1.050283e+00
-1.796385e+00 -9.509486e-01
-1.878597e+00 -8.522268e-01
-1.951848e+00 -7.544613e-01
-2.016234e+00 -6.578112e-01
-2.071858e+00 -5.622828e-01
-2.118817e+00 -4.677609e-01
-2.157195e+00 -3.740360e-01
-2.187052e+00 -2.808284e-01
-2.208420e+00 -1.878093e-01
-2.221300e+00 -9.461875e-02
-2.225660e+00 -8.811297e-04
-2.221433e+00 9.378027e-02
-2.208517e+00 1.897297e-01
-2.186779e+00 2.873049e-01
-2.156058e+00 3.868021e-01
-2.116166e+00 4.884585e-01
-2.066900e+00 5.924322e-01
-2.008043e+00 6.987785e-01
-1.939383e+00 8.074225e-01
-1.860718e+00 9.181273e-01
-1.771880e+00 1.030461e+00
-1.672747e+00 1.143759e+00
-1.563273e+00 1.257098e+00
-1.443506e+00 1.369265e+00
-1.313620e+00 1.478748e+00
-1.173939e+00 1.583753e+00
-1.024964e+00 1.682237e+00
-8.673886e-01 1.771993e+00
-7.021122e-01 1.850756e+00
-5.302378e-01 1.916355e+00
-3.530554e-01 1.966877e+00
-1.720115e-01 2.000842e+00
1.133781e-02 2.017340e+00
1.953834e-01 2.016133e+00
3.785269e-01 1.997690e+00
5.592433e-01 1.963144e+00
7.361379e-01 1.914193e+00
9.079905e-01 1.852943e+00
1.073786e+00 1.781742e+00
1.232726e+00 1.703003e+00
1.384231e+00 1.619055e+00
1.527925e+00 1.532032e+00
1.663615e+00 1.443793e+00
1.791262e+00 1.355885e+00
1.910956e+00 1.269534e+00
2.022883e+00 1.185664e+00
2.127300e+00 1.104920e+00
2.224512e+00 1.027714e+00
2.314854e+00 9.542559e-01
2.398671e+00 8.846014e-01
2.476306e+00 8.186816e-01
2.548095e+00 7.563360e-01
2.614353e+00 6.973387e-01
2.675373e+00 6.414194e-01
2.731423e+00 5.882799e-01
2.782742e+00 5.376078e-01
2.829540e+00 4.890857e-01
2.872000e+00 4.423988e-01
2.910274e+00 3.972396e-01
2.944488e+00 3.533117e-01
2.974742e+00 3.103309e-01
3.001109e+00 2.680269e-01
3.023639e+00 2.261429e-01
3.042359e+00 1.844354e-01
3.057275e+00 1.426727e-01
3.068372e+00 1.006341e-01
3.075615e+00 5.810779e-02
3.078949e+00 1.488908e-02
3.078303e+00 -2.922134e-02
3.073587e+00 -7.441954e-02
3.064691e+00 -1.209003e-01
3.051491e+00 -1.688591e-01
3.033843e+00 -2.184935e-01
3.011584e+00 -2.700046e-01
2.984535e+00 -3.235979e-01
2.952495e+00 -3.794835e-01
2.915246e+00 -4.378749e-01
2.872550e+00 -4.989873e-01
2.824149e+00 -5.630336e-01
2.769765e+00 -6.302184e-01
2.709105e+00 -7.007295e-01
2.641856e+00 -7.747257e-01
2.567697e+00 -8.523211e-01
2.486294e+00 -9.335635e-01
2.397318e+00 -1.018410e+00
2.300446e+00 -1.106692e+00
2.195379e+00 -1.198084e+00
2.081854e+00 -1.292056e+00
1.959671e+00 -1.387837e+00
1.828710e+00 -1.484369e+00
1.688962e+00 -1.580277e+00
1.540561e+00 -1.673853e+00
1.383808e+00 -1.763063e+00
1.219206e+00 -1.845592e+00
1.047478e+00 -1.918925e+00
8.695799e-01 -1.980478e+00
6.867010e-01 -2.027767e+00
5.002451e-01 -2.058595e+00
3.117960e-01 -2.071245e+00
1.230659e-01 -2.064640e+00
-6.416844e-02 -2.038447e+00
-2.481349e-01 -1.993108e+00
-4.271352e-01 -1.929778e+00
-5.996046e-01 -1.850208e+00
-7.641584e-01 -1.756562e+00
-9.196211e-01 -1.651231e+00
-1.065038e+00 -1.536639e+00
-1.199671e+00 -1.415092e+00
-1.322982e+00 -1.288663e+00
-1.434610e+00 -1.159120e+00
-1.534338e+00 -1.027894e+00
-1.622066e+00 -8.960867e-01
-1.697778e+00 -7.644873e-01
-1.761520e+00 -6.336152e-01
-1.813372e+00 -5.037624e-01
-1.853433e+00 -3.750402e-01
-1.881807e+00 -2.474238e-01
-1.898590e+00 -1.207942e-01
-1.903863e+00 5.023411e-03
-1.897692e+00 1.302243e-01
-1.880125e+00 2.549907e-01
-1.851195e+00 3.794596e-01
-1.810924e+00 5.036908e-01
-1.759337e+00 6.276344e-01
-1.696467e+00 7.510980e-01
-1.622373e+00 8.737133e-01
-1.537158e+00 9.949059e-01
-1.440984e+00 1.113868e+00
-1.334104e+00 1.229541e+00
-1.216873e+00 1.340612e+00
-1.089782e+00 1.445529e+00
-9.534699e-01 1.542541e+00
-8.087423e-01 1.629770e+00
-6.565787e-01 1.705311e+00
-4.981287e-01 1.767351e+00
-3.346980e-01 1.814312e+00
-1.677200e-01 1.844982e+00
1.282405e-03 1.858634e+00
1.707450e-01 1.855096e+00
3.391146e-01 1.834780e+00
5.049012e-01 1.798648e+00
6.667245e-01 1.748129e+00
8.233513e-01 1.684998e+00
9.737207e-01 1.611235e+00
1.116957e+00 1.528889e+00
1.252368e+00 1.439950e+00
1.379438e+00 1.346250e+00
1.497809e+00 1.249398e+00
1.607256e+00 1.150743e+00
1.707666e+00 1.051357e+00
1.799011e+00 9.520454e-01
1.881325e+00 8.533681e-01
1.954683e+00 7.556675e-01
2.019182e+00 6.591010e-01
2.074928e+00 5.636738e-01
2.122020e+00 4.692693e-01
2.160541e+00 3.756767e-01
2.190554e+00 2.826151e-01
2.212092e+00 1.897546e-01
2.225158e+00 9.673381e-02
2.229719e+00 3.175884e-03
2.225709e+00 -9.129749e-02
2.213028e+00 -1.870525e-01
2.191544e+00 -2.844293e-01
2.161094e+00 -3.837272e-01
2.121492e+00 -4.851872e-01
2.072532e+00 -5.889724e-01
2.013999e+00 -6.951442e-01
1.945677e+00 -8.036351e-01
1.867364e+00 -9.142173e-01
1.778886e+00 -1.026469e+00
1.680119e+00 -1.139740e+00
1.571010e+00 -1.253116e+00
1.451602e+00 -1.365400e+00
1.322059e+00 -1.475092e+00
1.182699e+00 -1.580409e+00
1.034010e+00 -1.679316e+00
8.766775e-01 -1.769606e+00
7.115904e-01 -1.849009e+00
5.398425e-01 -1.915340e+00
3.627165e-01 -1.966666e+00
1.816536e-01 -2.001475e+00
-1.792279e-03 -2.018824e+00
-1.860111e-01 -2.018440e+00
-3.694003e-01 -2.000758e+00
-5.504277e-01 -1.966881e+00
-7.276893e-01 -1.918485e+00
-8.999541e-01 -1.857667e+00
-1.066195e+00 -1.786770e+00
-1.225602e+00 -1.708211e+00
-1.377586e+00 -1.624332e+00
-1.521761e+00 -1.537282e+00
-1.657925e+00 -1.448936e+00
-1.786035e+00 -1.360859e+00
-1.906173e+00 -1.274295e+00
-2.018523e+00 -1.190180e+00
-2.123339e+00 -1.109174e+00
-2.220928e+00 -1.031698e+00
-2.311620e+00 -9.579703e-01
-2.395764e+00 -8.880530e-01
-2.473703e+00 -8.218814e-01
-2.545772e+00 -7.592984e-01
-2.612290e+00 -7.000801e-01
-2.673551e+00 -6.439571e-01
-2.729824e+00 -5.906320e-01
-2.781349e+00 -5.397922e-01
-2.828340e+00 -4.911201e-01
-2.870979e+00 -4.443004e-01
-2.909421e+00 -3.990249e-01
-2.943793e+00 -3.549964e-01
-2.974196e+00 -3.119301e-01
-3.000706e+00 -2.695549e-01
-3.023372e+00 -2.276134e-01
-3.042225e+00 -1.858613e-01
-3.057269e+00 -1.440667e-01
-3.068492e+00 -1.020080e-01
-3.075860e+00 -5.947333e-02
-3.079319e+00 -1.625765e-02
-3.078798e+00 2.783851e-02
-3.074209e+00 7.301136e-02
-3.065443e+00 1.194557e-01
-3.052377e+00 1.673668e-01
-3.034867e+00 2.169423e-01
-3.012753e+00 2.683830e-01
-2.985855e+00 3.218944e-01
-2.953975e+00 3.776861e-01
-2.916895e+00 4.359717e-01
-2.874378e+00 4.969663e-01
-2.826167e+00 5.608828e-01
-2.771986e+00 6.279262e-01
-2.711541e+00 6.982851e-01
-2.644523e+00 7.721196e-01
-2.570608e+00 8.495454e-01
-2.489467e+00 9.306133e-01
-2.400768e+00 1.015284e+00
-2.304189e+00 1.103394e+00
-2.199430e+00 1.194625e+00
-2.086228e+00 1.288454e+00
-1.964378e+00 1.384121e+00
-1.833759e+00 1.480579e+00
-1.694359e+00 1.576466e+00
-1.546303e+00 1.670088e+00
-1.389889e+00 1.759423e+00
-1.225610e+00 1.842166e+00
-1.054181e+00 1.915810e+00
-8.765488e-01 1.977773e+00
-6.938944e-01 2.025564e+00
-5.076134e-01 2.056976e+00
-3.192829e-01 2.070270e+00
-1.306108e-01 2.064345e+00
5.662799e-02 2.038839e+00
2.406607e-01 1.994162e+00
4.197855e-01 1.931445e+00
5.924323e-01 1.852417e+00
7.572091e-01 1.759228e+00
9.129321e-01 1.654260e+00
1.058638e+00 1.539938e+00
1.193581e+00 1.418572e+00
1.317215e+00 1.292245e+00
1.429171e+00 1.162734e+00
1.529228e+00 1.031485e+00
1.617281e+00 8.996102e-01
1.693310e+00 7.679106e-01
1.757358e+00 6.369155e-01
1.809505e+00 5.069256e-01
1.849848e+00 3.780591e-01
1.878491e+00 2.502973e-01
1.895529e+00 1.235255e-01
1.901045e+00 -2.427429e-03
1.895105e+00 -1.277542e-01
1.877758e+00 -2.526352e-01
1.849038e+00 -3.772060e-01
1.808969e+00 -5.015258e-01
1.757576e+00 -6.255444e-01
1.694893e+00 -7.490693e-01
1.620982e+00 -8.717333e-01
1.535945e+00 -9.929629e-01
1.439948e+00 -1.111952e+00
1.333241e+00 -1.227644e+00
1.216183e+00 -1.338729e+00
1.089263e+00 -1.443658e+00
9.531205e-01 -1.540683e+00
8.085615e-01 -1.627931e+00
6.565644e-01 -1.703499e+00
4.982780e-01 -1.765577e+00
3.350068e-01 -1.812589e+00
1.681831e-01 -1.843324e+00
-6.716074e-04 -1.857054e+00
-1.699942e-01 -1.853606e+00
-3.382324e-01 -1.833388e+00
-5.038968e-01 -1.797359e+00
-6.656073e-01 -1.746944e+00
-8.221305e-01 -1.683911e+00
-9.724050e-01 -1.610240e+00
-1.115554e+00 -1.527973e+00
-1.250885e+00 -1.439099e+00
-1.377880e+00 -1.345449e+00
-1.496179e+00 -1.248631e+00
-1.605557e+00 -1.149992e+00
-1.705899e+00 -1.050606e+00
-1.797175e+00 -9.512786e-01
-1.879417e+00 -8.525701e-01
-1.952701e+00 -7.548241e-01
-2.017121e+00 -6.581990e-01
-2.072781e+00 -5.627010e-01
-2.119780e+00 -4.682144e-01
-2.158201e+00 -3.745291e-01
-2.188105e+00 -2.813654e-01
-2.209524e+00 -1.883939e-01
-2.222460e+00 -9.525428e-02
-2.226881e+00 -1.570582e-03
-2.222719e+00 9.303440e-02
-2.209873e+00 1.889255e-01
-2.188212e+00 2.864412e-01
-2.157572e+00 3.858787e-01
-2.117767e+00 4.874762e-01
-2.068593e+00 5.913935e-01
-2.009833e+00 6.976876e-01
-1.941274e+00 8.062858e-01
-1.862715e+00 9.169542e-01
-1.773985e+00 1.029263e+00
-1.674962e+00 1.142554e+00
-1.565597e+00 1.255905e+00
-1.445938e+00 1.368107e+00
-1.316155e+00 1.477654e+00
-1.176570e+00 1.582753e+00
-1.027680e+00 1.681365e+00
-8.701774e-01 1.771282e+00
-7.049574e-01 1.850237e+00
-5.331203e-01 1.916056e+00
-3.559544e-01 1.966820e+00
-1.749042e-01 2.001038e+00
8.474645e-03 2.017791e+00
1.925728e-01 2.016831e+00
3.757905e-01 1.998616e+00
5.566007e-01 1.964270e+00
7.336058e-01 1.915485e+00
9.055824e-01 1.854364e+00
1.071511e+00 1.783253e+00
1.230592e+00 1.704567e+00
1.382241e+00 1.620640e+00
1.526079e+00 1.533608e+00
1.661912e+00 1.445337e+00
1.789698e+00 1.357378e+00
1.909525e+00 1.270963e+00
2.021579e+00 1.187019e+00
2.126116e+00 1.106197e+00
2.223441e+00 1.028909e+00
2.313888e+00 9.553708e-01
2.397802e+00 8.856376e-01
2.475529e+00 8.196425e-01
2.547402e+00 7.572259e-01
2.613738e+00 6.981626e-01
2.674831e+00 6.421825e-01
2.730948e+00 5.889877e-01
2.782329e+00 5.382656e-01
2.829185e+00 4.896988e-01
2.871699e+00 4.429725e-01
2.910024e+00 3.977789e-01
2.944286e+00 3.538212e-01
2.974585e+00 3.108152e-01
3.000995e+00 2.684904e-01
3.023566e+00 2.265897e-01
3.042327e+00 1.848694e-01
3.057282e+00 1.430978e-01
3.068417e+00 1.010538e-01
3.075698e+00 5.852569e-02
3.079071e+00 1.530866e-02
3.078463e+00 -2.879665e-02
3.073786e+00 -7.398635e-02
3.064930e+00 -1.204552e-01
3.051772e+00 -1.683987e-01
3.034166e+00 -2.180142e-01
3.011952e+00 -2.695030e-01
2.984949e+00 -3.230704e-01
2.952959e+00 -3.789264e-01
2.915763e+00 -4.372846e-01
2.873122e+00 -4.983600e-01
2.824780e+00 -5.623656e-01
2.770459e+00 -6.295062e-01
2.709866e+00 -6.999697e-01
2.642689e+00 -7.739153e-01
2.568605e+00 -8.514577e-01
2.487284e+00 -9.326457e-01
2.398395e+00 -1.017437e+00
2.301614e+00 -1.105666e+00
2.196642e+00 -1.197007e+00
2.083218e+00 -1.290935e+00
1.961139e+00 -1.386681e+00
1.830284e+00 -1.483189e+00
1.690644e+00 -1.579091e+00
1.542350e+00 -1.672682e+00
1.385703e+00 -1.761932e+00
1.221201e+00 -1.844527e+00
1.049566e+00 -1.917957e+00
8.717506e-01 -1.979639e+00
6.889414e-01 -2.027085e+00
5.025396e-01 -2.058095e+00
3.141271e-01 -2.070945e+00
1.254147e-01 -2.064552e+00
-6.182132e-02 -2.038573e+00
-2.458087e-01 -1.993439e+00
-4.248481e-01 -1.930300e+00
-5.973730e-01 -1.850898e+00
-7.619964e-01 -1.757394e+00
-9.175403e-01 -1.652176e+00
-1.063047e+00 -1.537667e+00
-1.197777e+00 -1.416176e+00
-1.321189e+00 -1.289779e+00
-1.432919e+00 -1.160245e+00
-1.532749e+00 -1.029012e+00
-1.620578e+00 -8.971832e-01
-1.696389e+00 -7.655525e-01
-1.760226e+00 -6.346419e-01
-1.812170e+00 -5.047463e-01
-1.852319e+00 -3.759791e-01
-1.880777e+00 -2.483174e-01
-1.897638e+00 -1.216435e-01
-1.902987e+00 4.216249e-03
-1.896888e+00 1.294563e-01
-1.879390e+00 2.542584e-01
-1.850524e+00 3.787590e-01
-1.810317e+00 5.030178e-01
-1.758790e+00 6.269848e-01
-1.695978e+00 7.504674e-01
-1.621941e+00 8.730979e-01
-1.536781e+00 9.943020e-01
-1.440662e+00 1.113273e+00
-1.333836e+00 1.228952e+00
-1.216659e+00 1.340027e+00
-1.089621e+00 1.444947e+00
-9.533613e-01 1.541963e+00
-8.086861e-01 1.629199e+00
-6.565742e-01 1.704748e+00
-4.981751e-01 1.766800e+00
-3.347940e-01 1.813776e+00
-1.678639e-01 1.844467e+00
1.092578e-03 1.858143e+00
1.705117e-01 1.854633e+00
3.388405e-01 1.834347e+00
5.045891e-01 1.798248e+00
6.663773e-01 1.747761e+00
8.229719e-01 1.684660e+00
9.733118e-01 1.610926e+00
1.116521e+00 1.528605e+00
1.251907e+00 1.439685e+00
1.378954e+00 1.346001e+00
1.497302e+00 1.249160e+00
1.606728e+00 1.150510e+00
1.707117e+00 1.051124e+00
1.798440e+00 9.518069e-01
1.880732e+00 8.531199e-01
1.954067e+00 7.554051e-01
2.018542e+00 6.588204e-01
2.074261e+00 5.633712e-01
2.121324e+00 4.689411e-01
2.159814e+00 3.753197e-01
2.189793e+00 2.822263e-01
2.211294e+00 1.893312e-01
2.224319e+00 9.627341e-02
2.228836e+00 2.676331e-03
2.224779e+00 -9.183803e-02
2.212047e+00 -1.876354e-01
2.190508e+00 -2.850555e-01
2.159999e+00 -3.843969e-01
2.120333e+00 -4.858998e-01
2.071307e+00 -5.897261e-01
2.012703e+00 -6.959361e-01
1.944308e+00 -8.044605e-01
1.865918e+00 -9.150697e-01
1.777361e+00 -1.027340e+00
1.678515e+00 -1.140617e+00
1.569326e+00 -1.253985e+00
1.449839e+00 -1.366244e+00
1.320222e+00 -1.475891e+00
1.180791e+00 -1.581141e+00
1.032040e+00 -1.679956e+00
8.746541e-01 -1.770130e+00
7.095253e-01 -1.849394e+00
5.377494e-01 -1.915566e+00
3.606107e-01 -1.966717e+00
1.795515e-01 -2.001342e+00
-3.873819e-03 -2.018505e+00
-1.880553e-01 -2.017942e+00
-3.713913e-01 -2.000093e+00
-5.523514e-01 -1.966070e+00
-7.295333e-01 -1.917553e+00
-9.017085e-01 -1.856640e+00
-1.067852e+00 -1.785676e+00
-1.227158e+00 -1.707077e+00
-1.379038e+00 -1.623183e+00
-1.523108e+00 -1.536139e+00
-1.659169e+00 -1.447816e+00
-1.787178e+00 -1.359775e+00
-1.907219e+00 -1.273258e+00
-2.019476e+00 -1.189196e+00
-2.124206e+00 -1.108247e+00
-2.221712e+00 -1.030829e+00
-2.312329e+00 -9.571610e-01
-2.396401e+00 -8.873011e-01
-2.474274e+00 -8.211846e-01
-2.546282e+00 -7.586535e-01
-2.612743e+00 -6.994836e-01
-2.673952e+00 -6.434053e-01
-2.730176e+00 -5.901209e-01
-2.781657e+00 -5.393180e-01
-2.828606e+00 -4.906789e-01
-2.871206e+00 -4.438885e-01
-2.909611e+00 -3.986387e-01
-2.943950e+00 -3.546325e-01
-2.974320e+00 -3.115852e-01
-3.000799e+00 -2.692260e-01
-3.023436e+00 -2.272975e-01
-3.042261e+00 -1.855556e-01
-3.057278e+00 -1.437684e-01
-3.068474e+00 -1.017147e-01
-3.075815e+00 -5.918242e-02
-3.079247e+00 -1.596672e-02
-3.078700e+00 2.813187e-02
-3.074083e+00 7.330950e-02
-3.065290e+00 1.197610e-01
-3.052196e+00 1.676817e-01
-3.034657e+00 2.172690e-01
-3.012513e+00 2.687241e-01
-2.985583e+00 3.222522e-01
-2.953669e+00 3.780632e-01
-2.916553e+00 4.363706e-01
-2.873999e+00 4.973895e-01
-2.825748e+00 5.613329e-01
-2.771525e+00 6.284056e-01
-2.711035e+00 6.987961e-01
-2.643968e+00 7.726642e-01
-2.570003e+00 8.501252e-01
-2.488807e+00 9.312295e-01
-2.400050e+00 1.015936e+00
-2.303410e+00 1.104083e+00
-2.198586e+00 1.195347e+00
-2.085317e+00 1.289206e+00
-1.963398e+00 1.384897e+00
-1.832707e+00 1.481370e+00
-1.693234e+00 1.577262e+00
-1.545106e+00 1.670874e+00
-1.388621e+00 1.760184e+00
-1.224275e+00 1.842882e+00
-1.052783e+00 1.916461e+00
-8.750957e-01 1.978339e+00
-6.923942e-01 2.026026e+00
-5.060765e-01 2.057317e+00
-3.177210e-01 2.070477e+00
-1.290365e-01 2.064409e+00
5.820161e-02 2.038760e+00
2.422207e-01 1.993945e+00
4.213198e-01 1.931100e+00
5.939298e-01 1.851958e+00
7.586602e-01 1.758673e+00
9.143291e-01 1.653629e+00
1.059975e+00 1.539250e+00
1.194853e+00 1.417847e+00
1.318420e+00 1.291498e+00
1.430308e+00 1.161980e+00
1.530296e+00 1.030736e+00
1.618281e+00 8.988747e-01
1.694244e+00 7.671959e-01
1.758228e+00 6.362264e-01
1.810313e+00 5.062649e-01
1.850598e+00 3.774286e-01
1.879184e+00 2.496970e-01
1.896169e+00 1.229549e-01
1.901634e+00 -2.969839e-03
1.895646e+00 -1.282704e-01
1.878253e+00 -2.531274e-01
1.849489e+00 -3.776770e-01
1.809378e+00 -5.019783e-01
1.757944e+00 -6.259812e-01
1.695222e+00 -7.494933e-01
1.621273e+00 -8.721472e-01
1.536199e+00 -9.933690e-01
1.440165e+00 -1.112353e+00
1.333421e+00 -1.228041e+00
1.216327e+00 -1.339123e+00
1.089371e+00 -1.444049e+00
9.531936e-01 -1.541072e+00
8.085994e-01 -1.628316e+00
6.565674e-01 -1.703878e+00
4.982469e-01 -1.765948e+00
3.349423e-01 -1.812949e+00
1.680864e-01 -1.843671e+00
-7.992064e-04 -1.857384e+00
-1.701511e-01 -1.853917e+00
-3.384168e-01 -1.833679e+00
-5.041067e-01 -1.797629e+00
-6.658408e-01 -1.747191e+00
-8.223856e-01 -1.684138e+00
-9.726800e-01 -1.610448e+00
-1.115847e+00 -1.528165e+00
-1.251195e+00 -1.439277e+00
-1.378206e+00 -1.345616e+00
-1.496520e+00 -1.248791e+00
-1.605912e+00 -1.150149e+00
-1.706268e+00 -1.050763e+00
-1.797559e+00 -9.514389e-01
-1.879816e+00 -8.527369e-01
-1.953115e+00 -7.550003e-01
-2.017552e+00 -6.583874e-01
-2.073230e+00 -5.629042e-01
-2.120248e+00 -4.684347e-01
-2.158690e+00 -3.747688e-01
-2.188617e+00 -2.816264e-01
-2.210061e+00 -1.886780e-01
-2.223024e+00 -9.556319e-02
-2.227474e+00 -1.905739e-03
-2.223343e+00 9.267179e-02
-2.210532e+00 1.885345e-01
-2.188908e+00 2.860213e-01
-2.158308e+00 3.854296e-01
-2.118545e+00 4.869985e-01
-2.069416e+00 5.908883e-01
-2.010703e+00 6.971570e-01
-1.942194e+00 8.057329e-01
-1.863686e+00 9.163833e-01
-1.775008e+00 1.028681e+00
-1.676039e+00 1.141967e+00
-1.566728e+00 1.255324e+00
-1.447120e+00 1.367543e+00
-1.317387e+00 1.477121e+00
-1.177849e+00 1.582265e+00
-1.029001e+00 1.680939e+00
-8.715339e-01 1.770934e+00
-7.063414e-01 1.849983e+00
-5.345228e-01 1.915909e+00
-3.573649e-01 1.966790e+00
-1.763118e-01 2.001131e+00
7.081176e-03 2.018009e+00
1.912047e-01 2.017169e+00
3.744583e-01 1.999064e+00
5.553140e-01 1.964817e+00
7.323728e-01 1.916112e+00
9.044096e-01 1.855054e+00
1.070404e+00 1.783988e+00
1.229553e+00 1.705328e+00
1.381271e+00 1.621411e+00
1.525180e+00 1.534375e+00
1.661082e+00 1.446088e+00
1.788935e+00 1.358104e+00
1.908827e+00 1.271658e+00
2.020943e+00 1.187679e+00
2.125538e+00 1.106818e+00
2.222918e+00 1.029491e+00
2.313417e+00 9.559132e-01
2.397379e+00 8.861417e-01
2.475150e+00 8.201098e-01
2.547064e+00 7.576586e-01
2.613438e+00 6.985631e-01
2.674566e+00 6.425533e-01
2.730715e+00 5.893314e-01
2.782127e+00 5.385849e-01
2.829011e+00 4.899964e-01
2.871551e+00 4.432507e-01
2.909900e+00 3.980402e-01
2.944185e+00 3.540679e-01
2.974506e+00 3.110496e-01
3.000937e+00 2.687144e-01
3.023529e+00 2.268054e-01
3.042309e+00 1.850787e-01
3.057283e+00 1.433025e-01
3.068437e+00 1.012558e-01
3.075736e+00 5.872655e-02
3.079127e+00 1.551011e-02
3.078538e+00 -2.859296e-02
3.073879e+00 -7.377879e-02
3.065043e+00 -1.202422e-01
3.051904e+00 -1.681785e-01
3.034318e+00 -2.177852e-01
3.012126e+00 -2.692635e-01
2.985146e+00 -3.228187e-01
2.953179e+00 -3.786607e-01
2.916007e+00 -4.370032e-01
2.873393e+00 -4.980611e-01
2.825079e+00 -5.620474e-01
2.770789e+00 -6.291670e-01
2.710227e+00 -6.996079e-01
2.643084e+00 -7.735296e-01
2.569037e+00 -8.510468e-01
2.487755e+00 -9.322090e-01
2.398906e+00 -1.016974e+00
2.302168e+00 -1.105178e+00
2.197242e+00 -1.196495e+00
2.083866e+00 -1.290402e+00
1.961836e+00 -1.386131e+00
1.831032e+00 -1.482628e+00
1.691444e+00 -1.578527e+00
1.543201e+00 -1.672125e+00
1.386603e+00 -1.761393e+00
1.222150e+00 -1.844020e+00
1.050559e+00 -1.917496e+00
8.727827e-01 -1.979238e+00
6.900067e-01 -2.026759e+00
5.036308e-01 -2.057855e+00
3.152358e-01 -2.070801e+00
1.265319e-01 -2.064509e+00
-6.070483e-02 -2.038631e+00
-2.447021e-01 -1.993596e+00
-4.237599e-01 -1.930548e+00
-5.963111e-01 -1.851226e+00
-7.609676e-01 -1.757789e+00
-9.165501e-01 -1.652624e+00
-1.062100e+00 -1.538156e+00
-1.196875e+00 -1.416692e+00
-1.320335e+00 -1.290309e+00
-1.432114e+00 -1.160780e+00
-1.531993e+00 -1.029544e+00
-1.619870e+00 -8.977049e-01
-1.695728e+00 -7.660593e-01
-1.759610e+00 -6.351305e-01
-1.811597e+00 -5.052146e-01
-1.851788e+00 -3.764260e-01
-1.880286e+00 -2.487427e-01
-1.897186e+00 -1.220478e-01
-1.902570e+00 3.831997e-03
-1.896505e+00 1.290907e-01
-1.879039e+00 2.539097e-01
-1.850205e+00 3.784255e-01
-1.810027e+00 5.026974e-01
-1.758529e+00 6.266754e-01
-1.695745e+00 7.501672e-01
-1.621735e+00 8.728049e-01
-1.536601e+00 9.940145e-01
-1.440509e+00 1.112989e+00
-1.333708e+00 1.228671e+00
-1.216557e+00 1.339748e+00
-1.089544e+00 1.444670e+00
-9.533097e-01 1.541689e+00
-8.086594e-01 1.628927e+00
-6.565721e-01 1.704479e+00
-4.981973e-01 1.766537e+00
-3.348397e-01 1.813521e+00
-1.679325e-01 1.844222e+00
1.002143e-03 1.857909e+00
1.704005e-01 1.854412e+00
3.387098e-01 1.834141e+00
5.044404e-01 1.798057e+00
6.662119e-01 1.747585e+00
8.227912e-01 1.684499e+00
9.731171e-01 1.610779e+00
1.116313e+00 1.528469e+00
1.251687e+00 1.439559e+00
1.378723e+00 1.345882e+00
1.497061e+00 1.249046e+00
1.606477e+00 1.150399e+00
1.706855e+00 1.051012e+00
1.798168e+00 9.516935e-01
1.880450e+00 8.530018e-01
1.953773e+00 7.552803e-01
2.018236e+00 6.586869e-01
2.073943e+00 5.632272e-01
2.120992e+00 4.687849e-01
2.159467e+00 3.751498e-01
2.189430e+00 2.820413e-01
2.210914e+00 1.891298e-01
2.223920e+00 9.605438e-02
2.228416e+00 2.438680e-03
2.224336e+00 -9.209517e-02
2.211580e+00 -1.879127e-01
2.190015e+00 -2.853534e-01
2.159477e+00 -3.847154e-01
2.119782e+00 -4.862387e-01
2.070724e+00 -5.900846e-01
2.012087e+00 -6.963127e-01
1.943656e+00 -8.048530e-01
1.865230e+00 -9.154750e-01
1.776636e+00 -1.027753e+00
1.677751e+00 -1.141033e+00
1.568525e+00 -1.254398e+00
1.449001e+00 -1.366645e+00
1.319348e+00 -1.476271e+00
1.179884e+00 -1.581488e+00
1.031103e+00 -1.680260e+00
8.736916e-01 -1.770379e+00
7.085432e-01 -1.849576e+00
5.367540e-01 -1.915672e+00
3.596093e-01 -1.966740e+00
1.785519e-01 -2.001278e+00
-4.863455e-03 -2.018353e+00
-1.890271e-01 -2.017704e+00
-3.723378e-01 -1.999776e+00
-5.532657e-01 -1.965684e+00
-7.304097e-01 -1.917109e+00
-9.025422e-01 -1.856151e+00
-1.068640e+00 -1.785155e+00
-1.227897e+00 -1.706538e+00
-1.379727e+00 -1.622637e+00
-1.523748e+00 -1.535595e+00
-1.659759e+00 -1.447283e+00
-1.787720e+00 -1.359260e+00
-1.907716e+00 -1.272764e+00
-2.019929e+00 -1.188728e+00
-2.124617e+00 -1.107806e+00
-2.222085e+00 -1.030416e+00
-2.312665e+00 -9.567761e-01
-2.396703e+00 -8.869435e-01
-2.474544e+00 -8.208531e-01
-2.546524e+00 -7.583467e-01
-2.612958e+00 -6.991998e-01
-2.674142e+00 -6.431427e-01
-2.730343e+00 -5.898776e-01
-2.781802e+00 -5.390921e-01
-2.828731e+00 -4.904687e-01
-2.871313e+00 -4.436921e-01
-2.909701e+00 -3.984545e-01
-2.944023e+00 -3.544588e-01
-2.974378e+00 -3.114205e-01
-3.000842e+00 -2.690687e-01
-3.023466e+00 -2.271463e-01
-3.042276e+00 -1.854092e-01
-3.057280e+00 -1.436255e-01
-3.068463e+00 -1.015740e-01
-3.075791e+00 -5.904273e-02
-3.079211e+00 -1.582690e-02
-3.078651e+00 2.827297e-02
-3.074022e+00 7.345303e-02
-3.065216e+00 1.199081e-01
-3.052108e+00 1.678334e-01
-3.034554e+00 2.174267e-01
-3.012395e+00 2.688887e-01
-2.985450e+00 3.224251e-01
-2.953520e+00 3.782455e-01
-2.916388e+00 4.365635e-01
-2.873815e+00 4.975943e-01
-2.825545e+00 5.615507e-01
-2.771301e+00 6.286377e-01
-2.710789e+00 6.990435e-01
-2.643699e+00 7.729278e-01
-2.569709e+00 8.504060e-01
-2.488487e+00 9.315278e-01
-2.399702e+00 1.016252e+00
-2.303032e+00 1.104416e+00
-2.198177e+00 1.195697e+00
-2.084875e+00 1.289571e+00
-1.962922e+00 1.385273e+00
-1.832197e+00 1.481753e+00
-1.692689e+00 1.577647e+00
-1.544526e+00 1.671255e+00
-1.388007e+00 1.760552e+00
-1.223628e+00 1.843229e+00
-1.052106e+00 1.916777e+00
-8.743915e-01 1.978613e+00
-6.916673e-01 2.026250e+00
-5.053318e-01 2.057481e+00
-3.169642e-01 2.070576e+00
-1.282738e-01 2.064440e+00
5.896393e-02 2.038721e+00
2.429764e-01 1.993839e+00
4.220630e-01 1.930932e+00
5.946551e-01 1.851735e+00
7.593630e-01 1.758405e+00
9.150056e-01 1.653323e+00
1.060622e+00 1.538917e+00
1.195469e+00 1.417495e+00
1.319003e+00 1.291136e+00
1.430858e+00 1.161615e+00
1.530813e+00 1.030373e+00
1.618765e+00 8.985184e-01
1.694696e+00 7.668497e-01
1.758649e+00 6.358926e-01
1.810704e+00 5.059450e-01
1.850960e+00 3.771232e-01
1.879520e+00 2.494063e-01
1.896479e+00 1.226786e-01
1.901920e+00 -3.232489e-03
1.895908e+00 -1.285203e-01
1.878493e+00 -2.533658e-01
1.849707e+00 -3.779050e-01
1.809576e+00 -5.021974e-01
1.758122e+00 -6.261927e-01
1.695382e+00 -7.496986e-01
1.621414e+00 -8.723476e-01
1.536321e+00 -9.935657e-01
1.440270e+00 -1.112546e+00
1.333509e+00 -1.228233e+00
1.216397e+00 -1.339314e+00
1.089424e+00 -1.444238e+00
9.532290e-01 -1.541260e+00
8.086177e-01 -1.628502e+00
6.565689e-01 -1.704061e+00
4.982318e-01 -1.766127e+00
3.349111e-01 -1.813124e+00
1.680395e-01 -1.843839e+00
-8.610230e-04 -1.857544e+00
-1.702270e-01 -1.854068e+00
-3.385060e-01 -1.833820e+00
-5.042084e-01 -1.797759e+00
-6.659538e-01 -1.747311e+00
-8.225092e-01 -1.684248e+00
-9.728132e-01 -1.610549e+00
-1.115989e+00 -1.528258e+00
-1.251345e+00 -1.439363e+00
-1.378363e+00 -1.345697e+00
-1.496685e+00 -1.248869e+00
-1.606084e+00 -1.150225e+00
-1.706447e+00 -1.050839e+00
-1.797744e+00 -9.515164e-01
-1.880009e+00 -8.528176e-01
-1.953316e+00 -7.550856e-01
-2.017760e+00 -6.584787e-01
-2.073447e+00 -5.630026e-01
-2.120475e+00 -4.685414e-01
-2.158927e+00 -3.748848e-01
-2.188864e+00 -2.817527e-01
-2.210321e+00 -1.888156e-01
-2.223297e+00 -9.571280e-02
-2.227761e+00 -2.068061e-03
-2.223646e+00 9.249617e-02
-2.210852e+00 1.883451e-01
-2.189245e+00 2.858179e-01
-2.158664e+00 3.852121e-01
-2.118922e+00 4.867671e-01
-2.069814e+00 5.906435e-01
-2.011125e+00 6.968999e-01
-1.942639e+00 8.054650e-01
-1.864156e+00 9.161068e-01
-1.775504e+00 1.028398e+00
-1.676561e+00 1.141683e+00
-1.567275e+00 1.255042e+00
-1.447693e+00 1.367270e+00
-1.317984e+00 1.476862e+00
-1.178469e+00 1.582029e+00
-1.029641e+00 1.680733e+00
-8.721910e-01 1.770765e+00
-7.070119e-01 1.849859e+00
-5.352022e-01 1.915837e+00
-3.580483e-01 1.966775e+00
-1.769939e-01 2.001176e+00
6.405947e-03 2.018114e+00
1.905417e-01 2.017332e+00
3.738128e-01 1.999282e+00
5.546905e-01 1.965081e+00
7.317752e-01 1.916416e+00
9.038412e-01 1.855388e+00
1.069867e+00 1.784343e+00
1.229049e+00 1.705697e+00
1.380802e+00 1.621784e+00
1.524744e+00 1.534746e+00
1.660679e+00 1.446452e+00
1.788566e+00 1.358456e+00
1.908489e+00 1.271995e+00
2.020634e+00 1.187998e+00
2.125258e+00 1.107119e+00
2.222665e+00 1.029773e+00
2.313188e+00 9.561760e-01
2.397173e+00 8.863859e-01
2.474966e+00 8.203362e-01
2.546900e+00 7.578682e-01
2.613292e+00 6.987571e-01
2.674437e+00 6.427329e-01
2.730602e+00 5.894979e-01
2.782028e+00 5.387395e-01
2.828926e+00 4.901403e-01
2.871479e+00 4.433853e-01
2.909840e+00 3.981666e-01
2.944136e+00 3.541872e-01
2.974468e+00 3.111628e-01
3.000909e+00 2.688226e-01
3.023510e+00 2.269095e-01
3.042299e+00 1.851797e-01
3.057283e+00 1.434012e-01
3.068445e+00 1.013531e-01
3.075753e+00 5.882328e-02
3.079153e+00 1.560706e-02
3.078573e+00 -2.849499e-02
