# r      Exact       Approx       Abserr
0.9 0.081313932 0.07968745 0.001626482
0.90629921 0.075713355 0.076149169 0.00043581449
0.91259843 0.070179908 0.070063132 0.00011677618
0.91889764 0.064712969 0.064744259 3.1290046e-05
0.92519685 0.059311921 0.059303537 8.3841785e-06
0.93149606 0.053976153 0.053978399 2.2464983e-06
0.93779528 0.048705057 0.048704455 6.0198274e-07
0.94409449 0.043498031 0.043498192 1.6126572e-07
0.9503937 0.038354479 0.038354435 4.3245796e-08
0.95669291 0.033273808 0.03327382 1.1553148e-08
0.96299213 0.028255433 0.02825543 3.1298963e-09
0.96929134 0.02329877 0.023298771 8.0469646e-10
0.97559055 0.018403244 0.018403243 2.4932879e-10
0.98188976 0.01356828 0.01356828 3.335927e-11
0.98818898 0.0087933126 0.0087933126 4.2116777e-11
0.99448819 0.004077778 0.004077778 2.162731e-11
1.0007874 -0.00057888171 -0.00057888174 2.6864594e-11
1.0070866 -0.0051772201 -0.0051772201 2.5221347e-11
1.0133858 -0.0097177858 -0.0097177859 2.5405802e-11
1.019685 -0.014201123 -0.014201123 2.5091264e-11
1.0259843 -0.018627772 -0.018627772 2.4913908e-11
1.0322835 -0.022998267 -0.022998267 2.4729149e-11
1.0385827 -0.02731314 -0.02731314 2.4537521e-11
1.0448819 -0.031572916 -0.031572916 2.4327242e-11
1.0511811 -0.035778117 -0.035778117 2.4138233e-11
1.0574803 -0.039929261 -0.039929261 2.3968966e-11
1.0637795 -0.04402686 -0.04402686 2.3769972e-11
1.0700787 -0.048071424 -0.048071424 2.3576585e-11
1.076378 -0.052063457 -0.052063457 2.3410399e-11
1.0826772 -0.056003459 -0.056003459 2.3202773e-11
1.0889764 -0.059891927 -0.059891927 2.3016498e-11
1.0952756 -0.063729352 -0.063729352 2.2857938e-11
1.1015748 -0.067516221 -0.067516221 2.2669422e-11
1.107874 -0.071253019 -0.071253019 2.2478117e-11
1.1141732 -0.074940225 -0.074940225 2.231669e-11
1.1204724 -0.078578314 -0.078578314 2.2122595e-11
1.1267717 -0.082167758 -0.082167758 2.1970092e-11
1.1330709 -0.085709025 -0.085709025 2.1792748e-11
1.1393701 -0.089202577 -0.089202577 2.159542e-11
1.1456693 -0.092648875 -0.092648875 2.1452659e-11
1.1519685 -0.096048374 -0.096048374 2.1272484e-11
1.1582677 -0.099401527 -0.099401527 2.1102453e-11
1.1645669 -0.10270878 -0.10270878 2.0932783e-11
1.1708661 -0.10597058 -0.10597058 2.0776061e-11
1.1771654 -0.10918736 -0.10918736 2.0621102e-11
1.1834646 -0.11235957 -0.11235957 2.0442717e-11
1.1897638 -0.11548763 -0.11548763 2.0281693e-11
1.196063 -0.11857198 -0.11857198 2.0125818e-11
1.2023622 -0.12161304 -0.12161304 1.9953567e-11
1.2086614 -0.12461122 -0.12461122 1.9807822e-11
1.2149606 -0.12756697 -0.12756697 1.9657054e-11
1.2212598 -0.13048067 -0.13048067 1.9482693e-11
1.2275591 -0.13335276 -0.13335276 1.9345692e-11
1.2338583 -0.13618362 -0.13618362 1.9177188e-11
1.2401575 -0.13897368 -0.13897368 1.9032526e-11
1.2464567 -0.14172333 -0.14172333 1.8874902e-11
1.2527559 -0.14443297 -0.14443297 1.8724022e-11
1.2590551 -0.14710298 -0.14710298 1.8601704e-11
1.2653543 -0.14973377 -0.14973377 1.8430868e-11
1.2716535 -0.15232572 -0.15232572 1.8280905e-11
1.2779528 -0.15487922 -0.15487922 1.8143542e-11
1.284252 -0.15739464 -0.15739464 1.7987084e-11
1.2905512 -0.15987236 -0.15987236 1.7846363e-11
1.2968504 -0.16231276 -0.16231276 1.7726459e-11
1.3031496 -0.1647162 -0.1647162 1.7572332e-11
1.3094488 -0.16708306 -0.16708306 1.7427337e-11
1.315748 -0.1694137 -0.1694137 1.7305046e-11
1.3220472 -0.17170849 -0.17170849 1.7139123e-11
1.3283465 -0.17396777 -0.17396777 1.7003038e-11
1.3346457 -0.17619191 -0.17619191 1.6885687e-11
1.3409449 -0.17838125 -0.17838125 1.6753626e-11
1.3472441 -0.18053615 -0.18053615 1.6609852e-11
1.3535433 -0.18265696 -0.18265696 1.6481427e-11
1.3598425 -0.18474401 -0.18474401 1.6353779e-11
1.3661417 -0.18679765 -0.18679765 1.620043e-11
1.3724409 -0.18881821 -0.18881821 1.6080887e-11
1.3787402 -0.19080604 -0.19080604 1.5981494e-11
1.3850394 -0.19276145 -0.19276145 1.5825313e-11
1.3913386 -0.19468478 -0.19468478 1.5688895e-11
1.3976378 -0.19657635 -0.19657635 1.5595691e-11
1.403937 -0.19843649 -0.19843649 1.5443924e-11
1.4102362 -0.20026552 -0.20026552 1.532241e-11
1.4165354 -0.20206376 -0.20206376 1.5213886e-11
1.4228346 -0.20383151 -0.20383151 1.50783e-11
1.4291339 -0.2055691 -0.2055691 1.4968526e-11
1.4354331 -0.20727682 -0.20727682 1.4847512e-11
1.4417323 -0.208955 -0.208955 1.47099e-11
1.4480315 -0.21060392 -0.21060392 1.4605761e-11
1.4543307 -0.2122239 -0.2122239 1.4496515e-11
1.4606299 -0.21381522 -0.21381522 1.4374779e-11
1.4669291 -0.2153782 -0.2153782 1.4253265e-11
1.4732283 -0.21691311 -0.21691311 1.414327e-11
1.4795276 -0.21842026 -0.21842026 1.402542e-11
1.4858268 -0.21989992 -0.21989992 1.3912232e-11
1.492126 -0.22135239 -0.22135239 1.380529e-11
1.4984252 -0.22277794 -0.22277794 1.368089e-11
1.5047244 -0.22417687 -0.22417687 1.3573004e-11
1.5110236 -0.22554944 -0.22554944 1.347461e-11
1.5173228 -0.22689593 -0.22689593 1.3357204e-11
1.523622 -0.22821662 -0.22821662 1.3253648e-11
1.5299213 -0.22951178 -0.22951178 1.3151896e-11
1.5362205 -0.23078167 -0.23078167 1.3054141e-11
1.5425197 -0.23202656 -0.23202656 1.2922663e-11
1.5488189 -0.23324672 -0.23324672 1.281919e-11
1.5551181 -0.23444241 -0.23444241 1.2746137e-11
1.5614173 -0.23561388 -0.23561388 1.2617657e-11
1.5677165 -0.2367614 -0.2367614 1.2504275e-11
1.5740157 -0.23788521 -0.23788521 1.2428503e-11
1.580315 -0.23898558 -0.23898558 1.2326418e-11
1.5866142 -0.24006274 -0.24006274 1.2220946e-11
1.5929134 -0.24111696 -0.24111696 1.2120555e-11
1.5992126 -0.24214847 -0.24214847 1.2017859e-11
1.6055118 -0.24315751 -0.24315751 1.1911361e-11
1.611811 -0.24414434 -0.24414434 1.1829066e-11
1.6181102 -0.24510918 -0.24510918 1.1742357e-11
1.6244094 -0.24605228 -0.24605228 1.1630086e-11
1.6307087 -0.24697388 -0.24697388 1.1546514e-11
1.6370079 -0.24787419 -0.24787419 1.1431023e-11
1.6433071 -0.24875346 -0.24875346 1.1365797e-11
1.6496063 -0.24961191 -0.24961191 1.1260048e-11
1.6559055 -0.25044978 -0.25044978 1.1156964e-11
1.6622047 -0.25126728 -0.25126728 1.1091572e-11
1.6685039 -0.25206463 -0.25206463 1.0994983e-11
1.6748031 -0.25284207 -0.25284207 1.0894396e-11
1.6811024 -0.2535998 -0.2535998 1.0806245e-11
1.6874016 -0.25433804 -0.25433804 1.0733969e-11
1.6937008 -0.25505702 -0.25505702 1.062056e-11
1.7 -0.25575693 -0.25575693 1.054512e-11
1.7062992 -0.256438 -0.256438 1.0463297e-11
1.7125984 -0.25710043 -0.25710043 1.0362933e-11
1.7188976 -0.25774443 -0.25774443 1.0294043e-11
1.7251969 -0.25837021 -0.25837021 1.0200729e-11
1.7314961 -0.25897796 -0.25897796 1.0129286e-11
1.7377953 -0.25956789 -0.25956789 1.0050016e-11
1.7440945 -0.2601402 -0.2601402 9.9470987e-12
1.7503937 -0.26069509 -0.26069509 9.8783204e-12
1.7566929 -0.26123275 -0.26123275 9.7908903e-12
1.7629921 -0.26175338 -0.26175338 9.7108432e-12
1.7692913 -0.26225717 -0.26225717 9.6380681e-12
1.7755906 -0.26274431 -0.26274431 9.5586872e-12
1.7818898 -0.263215 -0.263215 9.4830255e-12
1.788189 -0.26366941 -0.26366941 9.400869e-12
1.7944882 -0.26410774 -0.26410774 9.318657e-12
1.8007874 -0.26453016 -0.26453016 9.2424401e-12
1.8070866 -0.26493687 -0.26493687 9.1574526e-12
1.8133858 -0.26532803 -0.26532803 9.0888963e-12
1.819685 -0.26570384 -0.26570384 9.0181196e-12
1.8259843 -0.26606447 -0.26606447 8.9442342e-12
1.8322835 -0.26641009 -0.26641009 8.873513e-12
1.8385827 -0.26674087 -0.26674087 8.7907459e-12
1.8448819 -0.267057 -0.267057 8.7204133e-12
1.8511811 -0.26735864 -0.26735864 8.6556873e-12
1.8574803 -0.26764597 -0.26764597 8.5902396e-12
1.8637795 -0.26791914 -0.26791914 8.5061957e-12
1.8700787 -0.26817833 -0.26817833 8.4208751e-12
1.876378 -0.26842369 -0.26842369 8.3767437e-12
1.8826772 -0.26865541 -0.26865541 8.2989171e-12
1.8889764 -0.26887362 -0.26887362 8.2330809e-12
1.8952756 -0.26907851 -0.26907851 8.1650242e-12
1.9015748 -0.26927022 -0.26927022 8.0911944e-12
1.907874 -0.26944891 -0.26944891 8.0271345e-12
1.9141732 -0.26961474 -0.26961474 7.9480311e-12
1.9204724 -0.26976786 -0.26976786 7.9080076e-12
1.9267717 -0.26990842 -0.26990842 7.8261286e-12
1.9330709 -0.27003659 -0.27003659 7.7693407e-12
1.9393701 -0.2701525 -0.2701525 7.7167717e-12
1.9456693 -0.27025631 -0.27025631 7.6158524e-12
1.9519685 -0.27034816 -0.27034816 7.5657813e-12
1.9582677 -0.27042821 -0.27042821 7.5286444e-12
1.9645669 -0.27049659 -0.27049659 7.4358297e-12
1.9708661 -0.27055344 -0.27055344 7.3698825e-12
1.9771654 -0.27059892 -0.27059892 7.3318018e-12
1.9834646 -0.27063315 -0.27063315 7.2655215e-12
1.9897638 -0.27065629 -0.27065629 7.1991857e-12
1.996063 -0.27066846 -0.27066846 7.1431194e-12
2.0023622 -0.27066981 -0.27066981 7.0828343e-12
2.0086614 -0.27066047 -0.27066047 7.0125017e-12
2.0149606 -0.27064058 -0.27064058 6.9542705e-12
2.0212598 -0.27061026 -0.27061026 6.9114714e-12
2.0275591 -0.27056965 -0.27056965 6.8476891e-12
2.0338583 -0.27051888 -0.27051888 6.7852945e-12
2.0401575 -0.27045808 -0.27045808 6.7419403e-12
2.0464567 -0.27038737 -0.27038737 6.6788242e-12
2.0527559 -0.27030689 -0.27030689 6.6007755e-12
2.0590551 -0.27021676 -0.27021676 6.5641936e-12
2.0653543 -0.2701171 -0.2701171 6.5160655e-12
2.0716535 -0.27000804 -0.27000804 6.4438455e-12
2.0779528 -0.2698897 -0.2698897 6.4157568e-12
2.084252 -0.26976219 -0.26976219 6.3514749e-12
2.0905512 -0.26962565 -0.26962565 6.2750916e-12
2.0968504 -0.26948018 -0.26948018 6.2416738e-12
2.1031496 -0.26932591 -0.26932591 6.1954886e-12
2.1094488 -0.26916295 -0.26916295 6.1358696e-12
2.115748 -0.26899142 -0.26899142 6.0825789e-12
2.1220472 -0.26881143 -0.26881143 6.025902e-12
2.1283465 -0.26862309 -0.26862309 5.9721672e-12
2.1346457 -0.26842652 -0.26842652 5.9304228e-12
2.1409449 -0.26822182 -0.26822182 5.8903993e-12
2.1472441 -0.26800912 -0.26800912 5.8266725e-12
2.1535433 -0.2677885 -0.2677885 5.7669425e-12
2.1598425 -0.26756009 -0.26756009 5.7394645e-12
2.1661417 -0.26732399 -0.26732399 5.6856742e-12
2.1724409 -0.2670803 -0.2670803 5.6314398e-12
2.1787402 -0.26682913 -0.26682913 5.5929705e-12
2.1850394 -0.26657059 -0.26657059 5.5286886e-12
2.1913386 -0.26630477 -0.26630477 5.4966032e-12
2.1976378 -0.26603178 -0.26603178 5.4539151e-12
2.203937 -0.26575172 -0.26575172 5.3853033e-12
2.2102362 -0.26546468 -0.26546468 5.3553828e-12
2.2165354 -0.26517077 -0.26517077 5.314027e-12
2.2228346 -0.26487008 -0.26487008 5.259071e-12
2.2291339 -0.26456272 -0.26456272 5.2114424e-12
2.2354331 -0.26424877 -0.26424877 5.1736393e-12
2.2417323 -0.26392833 -0.26392833 5.129952e-12
2.2480315 -0.26360149 -0.26360149 5.080103e-12
2.2543307 -0.26326836 -0.26326836 5.0419668e-12
2.2606299 -0.26292901 -0.26292901 4.9990567e-12
2.2669291 -0.26258354 -0.26258354 4.952927e-12
2.2732283 -0.26223205 -0.26223205 4.9157345e-12
2.2795276 -0.26187461 -0.26187461 4.871048e-12
2.2858268 -0.26151133 -0.26151133 4.8312465e-12
2.292126 -0.26114228 -0.26114228 4.7850612e-12
2.2984252 -0.26076755 -0.26076755 4.746481e-12
2.3047244 -0.26038723 -0.26038723 4.7095661e-12
2.3110236 -0.26000141 -0.26000141 4.6645465e-12
2.3173228 -0.25961017 -0.25961017 4.6257442e-12
2.323622 -0.25921358 -0.25921358 4.5783377e-12
2.3299213 -0.25881174 -0.25881174 4.5469739e-12
2.3362205 -0.25840473 -0.25840473 4.510059e-12
2.3425197 -0.25799262 -0.25799262 4.4651505e-12
2.3488189 -0.2575755 -0.2575755 4.4234616e-12
2.3551181 -0.25715344 -0.25715344 4.3858805e-12
2.3614173 -0.25672653 -0.25672653 4.3622883e-12
2.3677165 -0.25629484 -0.25629484 4.313605e-12
2.3740157 -0.25585845 -0.25585845 4.2716386e-12
2.380315 -0.25541743 -0.25541743 4.2417181e-12
2.3866142 -0.25497187 -0.25497187 4.2070791e-12
2.3929134 -0.25452182 -0.25452182 4.1683879e-12
2.3992126 -0.25406738 -0.25406738 4.1305293e-12
2.4055118 -0.25360861 -0.25360861 4.0987214e-12
2.411811 -0.25314558 -0.25314558 4.0524251e-12
2.4181102 -0.25267836 -0.25267836 4.0212278e-12
2.4244094 -0.25220703 -0.25220703 3.9893644e-12
2.4307087 -0.25173166 -0.25173166 3.9613313e-12
2.4370079 -0.25125231 -0.25125231 3.9192538e-12
2.4433071 -0.25076906 -0.25076906 3.8741788e-12
2.4496063 -0.25028197 -0.25028197 3.8543613e-12
2.4559055 -0.24979111 -0.24979111 3.822942e-12
2.4622047 -0.24929654 -0.24929654 3.7879144e-12
2.4685039 -0.24879834 -0.24879834 3.7519154e-12
2.4748031 -0.24829656 -0.24829656 3.7156667e-12
2.4811024 -0.24779127 -0.24779127 3.6810555e-12
2.4874016 -0.24728254 -0.24728254 3.6541326e-12
2.4937008 -0.24677043 -0.24677043 3.622741e-12
2.5 -0.246255 -0.246255 3.597983e-12
2.5062992 -0.24573631 -0.24573631 3.5532133e-12
2.5125984 -0.24521442 -0.24521442 3.520656e-12
2.5188976 -0.2446894 -0.2446894 3.5051961e-12
2.5251969 -0.24416131 -0.24416131 3.4682535e-12
2.5314961 -0.24363019 -0.24363019 3.4298397e-12
2.5377953 -0.24309612 -0.24309612 3.4022229e-12
2.5440945 -0.24255915 -0.24255915 3.3744119e-12
2.5503937 -0.24201934 -0.24201934 3.3447967e-12
2.5566929 -0.24147675 -0.24147675 3.3199554e-12
2.5629921 -0.24093142 -0.24093142 3.2854552e-12
2.5692913 -0.24038343 -0.24038343 3.2611136e-12
2.5755906 -0.23983281 -0.23983281 3.2262248e-12
2.5818898 -0.23927963 -0.23927963 3.2027436e-12
2.588189 -0.23872394 -0.23872394 3.1616376e-12
2.5944882 -0.2381658 -0.2381658 3.1444569e-12
2.6007874 -0.23760525 -0.23760525 3.1244451e-12
2.6070866 -0.23704235 -0.23704235 3.0794811e-12
2.6133858 -0.23647715 -0.23647715 3.0571656e-12
2.619685 -0.23590971 -0.23590971 3.030548e-12
2.6259843 -0.23534006 -0.23534006 3.01148e-12
2.6322835 -0.23476827 -0.23476827 2.9827252e-12
2.6385827 -0.23419437 -0.23419437 2.9540814e-12
2.6448819 -0.23361843 -0.23361843 2.9194425e-12
2.6511811 -0.23304049 -0.23304049 2.8934077e-12
2.6574803 -0.23246059 -0.23246059 2.8805291e-12
2.6637795 -0.23187879 -0.23187879 2.8543001e-12
2.6700787 -0.23129513 -0.23129513 2.8205493e-12
2.676378 -0.23070965 -0.23070965 2.7915448e-12
2.6826772 -0.23012241 -0.23012241 2.7682301e-12
2.6889764 -0.22953344 -0.22953344 2.7472191e-12
2.6952756 -0.2289428 -0.2289428 2.7240432e-12
2.7015748 -0.22835052 -0.22835052 2.7007285e-12
2.707874 -0.22775666 -0.22775666 2.6717795e-12
2.7141732 -0.22716125 -0.22716125 2.6526559e-12
2.7204724 -0.22656434 -0.22656434 2.6237068e-12
2.7267717 -0.22596596 -0.22596596 2.6041946e-12
2.7330709 -0.22536617 -0.22536617 2.5773272e-12
2.7393701 -0.224765 -0.224765 2.552375e-12
2.7456693 -0.22416249 -0.22416249 2.5372204e-12
2.7519685 -0.22355869 -0.22355869 2.5028868e-12
2.7582677 -0.22295363 -0.22295363 2.4910629e-12
2.7645669 -0.22234736 -0.22234736 2.4672764e-12
2.7708661 -0.2217399 -0.2217399 2.4349966e-12
2.7771654 -0.22113131 -0.22113131 2.4176217e-12
2.7834646 -0.22052162 -0.22052162 2.404521e-12
2.7897638 -0.21991087 -0.21991087 2.3739344e-12
2.796063 -0.21929909 -0.21929909 2.3518687e-12
2.8023622 -0.21868632 -0.21868632 2.3312186e-12
2.8086614 -0.21807261 -0.21807261 2.3148428e-12
2.8149606 -0.21745797 -0.21745797 2.2957469e-12
2.8212598 -0.21684246 -0.21684246 2.2620239e-12
2.8275591 -0.2162261 -0.2162261 2.2441493e-12
2.8338583 -0.21560894 -0.21560894 2.230327e-12
2.8401575 -0.21499099 -0.21499099 2.2058189e-12
2.8464567 -0.21437231 -0.21437231 2.1864177e-12
2.8527559 -0.21375292 -0.21375292 2.1745938e-12
2.8590551 -0.21313285 -0.21313285 2.1407598e-12
2.8653543 -0.21251215 -0.21251215 2.1252722e-12
2.8716535 -0.21189083 -0.21189083 2.1103397e-12
2.8779528 -0.21126894 -0.21126894 2.0851376e-12
2.884252 -0.21064651 -0.21064651 2.075784e-12
2.8905512 -0.21002356 -0.21002356 2.0504709e-12
2.8968504 -0.20940012 -0.20940012 2.0278779e-12
2.9031496 -0.20877624 -0.20877624 2.0166369e-12
2.9094488 -0.20815193 -0.20815193 1.9850788e-12
2.915748 -0.20752724 -0.20752724 1.9795554e-12
2.9220472 -0.20690218 -0.20690218 1.9585999e-12
2.9283465 -0.20627678 -0.20627678 1.9346746e-12
2.9346457 -0.20565109 -0.20565109 1.9281521e-12
2.9409449 -0.20502512 -0.20502512 1.897732e-12
2.9472441 -0.2043989 -0.2043989 1.8858248e-12
2.9535433 -0.20377246 -0.20377246 1.8693935e-12
2.9598425 -0.20314582 -0.20314582 1.8442747e-12
2.9661417 -0.20251903 -0.20251903 1.8342827e-12
2.9724409 -0.20189209 -0.20189209 1.8131607e-12
2.9787402 -0.20126504 -0.20126504 1.7973956e-12
2.9850394 -0.20063791 -0.20063791 1.7876811e-12
2.9913386 -0.20001072 -0.20001072 1.7621737e-12
2.9976378 -0.19938349 -0.19938349 1.7443547e-12
3.003937 -0.19875625 -0.19875625 1.7281732e-12
3.0102362 -0.19812903 -0.19812903 1.7218449e-12
3.0165354 -0.19750185 -0.19750185 1.7005009e-12
3.0228346 -0.19687473 -0.19687473 1.6788515e-12
3.0291339 -0.1962477 -0.1962477 1.6696089e-12
3.0354331 -0.19562078 -0.19562078 1.6528723e-12
3.0417323 -0.194994 -0.194994 1.6383284e-12
3.0480315 -0.19436737 -0.19436737 1.6167345e-12
3.0543307 -0.19374093 -0.19374093 1.6080193e-12
3.0606299 -0.19311469 -0.19311469 1.5887014e-12
3.0669291 -0.19248868 -0.19248868 1.5690782e-12
3.0732283 -0.19186291 -0.19186291 1.5676349e-12
3.0795276 -0.19123741 -0.19123741 1.5411561e-12
3.0858268 -0.1906122 -0.1906122 1.5297763e-12
3.092126 -0.1899873 -0.1899873 1.5188129e-12
3.0984252 -0.18936274 -0.18936274 1.4978296e-12
3.1047244 -0.18873852 -0.18873852 1.4857282e-12
3.1110236 -0.18811468 -0.18811468 1.4726276e-12
3.1173228 -0.18749124 -0.18749124 1.4629964e-12
3.123622 -0.1868682 -0.1868682 1.4412915e-12
3.1299213 -0.1862456 -0.1862456 1.4264423e-12
3.1362205 -0.18562344 -0.18562344 1.42103e-12
3.1425197 -0.18500176 -0.18500176 1.4099555e-12
3.1488189 -0.18438056 -0.18438056 1.3798684e-12
3.1551181 -0.18375988 -0.18375988 1.37379e-12
3.1614173 -0.18313971 -0.18313971 1.3690993e-12
3.1677165 -0.18252009 -0.18252009 1.3486157e-12
3.1740157 -0.18190103 -0.18190103 1.3378187e-12
3.180315 -0.18128255 -0.18128255 1.320416e-12
3.1866142 -0.18066466 -0.18066466 1.3139489e-12
3.1929134 -0.18004738 -0.18004738 1.2908563e-12
3.1992126 -0.17943073 -0.17943073 1.2838342e-12
3.2055118 -0.17881473 -0.17881473 1.2761181e-12
3.211811 -0.17819939 -0.17819939 1.2584378e-12
3.2181102 -0.17758472 -0.17758472 1.2533308e-12
3.2244094 -0.17697075 -0.17697075 1.2340684e-12
3.2307087 -0.17635749 -0.17635749 1.2214951e-12
3.2370079 -0.17574495 -0.17574495 1.209477e-12
3.2433071 -0.17513315 -0.17513315 1.2000956e-12
3.2496063 -0.1745221 -0.1745221 1.1898538e-12
3.2559055 -0.17391182 -0.17391182 1.1729784e-12
3.2622047 -0.17330233 -0.17330233 1.1663726e-12
3.2685039 -0.17269363 -0.17269363 1.1523005e-12
3.2748031 -0.17208574 -0.17208574 1.1431411e-12
3.2811024 -0.17147868 -0.17147868 1.1347867e-12
3.2874016 -0.17087245 -0.17087245 1.1159407e-12
3.2937008 -0.17026708 -0.17026708 1.1052548e-12
3.3 -0.16966257 -0.16966257 1.0963452e-12
3.3062992 -0.16905894 -0.16905894 1.0891565e-12
3.3125984 -0.1684562 -0.1684562 1.0766388e-12
3.3188976 -0.16785437 -0.16785437 1.0625389e-12
3.3251969 -0.16725345 -0.16725345 1.0526024e-12
3.3314961 -0.16665346 -0.16665346 1.0420553e-12
3.3377953 -0.16605441 -0.16605441 1.0344781e-12
3.3440945 -0.16545631 -0.16545631 1.0228207e-12
3.3503937 -0.16485917 -0.16485917 1.0140222e-12
3.3566929 -0.16426301 -0.16426301 1.0017542e-12
3.3629921 -0.16366784 -0.16366784 9.9095732e-13
3.3692913 -0.16307366 -0.16307366 9.8246411e-13
3.3755906 -0.1624805 -0.1624805 9.6658792e-13
3.3818898 -0.16188835 -0.16188835 9.6544994e-13
3.388189 -0.16129723 -0.16129723 9.5440322e-13
3.3944882 -0.16070715 -0.16070715 9.4027564e-13
3.4007874 -0.16011813 -0.16011813 9.3514085e-13
3.4070866 -0.15953016 -0.15953016 9.2179042e-13
3.4133858 -0.15894326 -0.15894326 9.1338048e-13
3.419685 -0.15835745 -0.15835745 9.0569219e-13
3.4259843 -0.15777272 -0.15777272 8.9322993e-13
3.4322835 -0.1571891 -0.1571891 8.8604124e-13
3.4385827 -0.15660658 -0.15660658 8.821277e-13
3.4448819 -0.15602518 -0.15602518 8.6441965e-13
3.4511811 -0.1554449 -0.1554449 8.5956242e-13
3.4574803 -0.15486576 -0.15486576 8.5204066e-13
3.4637795 -0.15428777 -0.15428777 8.3413831e-13
3.4700787 -0.15371093 -0.15371093 8.368306e-13
3.476378 -0.15313525 -0.15313525 8.2497897e-13
3.4826772 -0.15256073 -0.15256073 8.1695761e-13
3.4889764 -0.1519874 -0.1519874 8.0827012e-13
3.4952756 -0.15141525 -0.15141525 7.9633522e-13
3.5015748 -0.15084429 -0.15084429 7.9070084e-13
3.507874 -0.15027453 -0.15027453 7.8198559e-13
3.5141732 -0.14970598 -0.14970598 7.7493567e-13
3.5204724 -0.14913865 -0.14913865 7.6644247e-13
3.5267717 -0.14857253 -0.14857253 7.5645046e-13
3.5330709 -0.14800765 -0.14800765 7.4740214e-13
3.5393701 -0.147444 -0.147444 7.4318329e-13
3.5456693 -0.14688159 -0.14688159 7.3432926e-13
3.5519685 -0.14632044 -0.14632044 7.273071e-13
3.5582677 -0.14576053 -0.14576053 7.1825879e-13
3.5645669 -0.1452019 -0.1452019 7.1001538e-13
3.5708661 -0.14464452 -0.14464452 7.0626838e-13
3.5771654 -0.14408843 -0.14408843 6.9416695e-13
3.5834646 -0.14353361 -0.14353361 6.854517e-13
3.5897638 -0.14298008 -0.14298008 6.8270389e-13
3.596063 -0.14242785 -0.14242785 6.7187922e-13
3.6023622 -0.14187691 -0.14187691 6.6768813e-13
3.6086614 -0.14132727 -0.14132727 6.6080474e-13
3.6149606 -0.14077894 -0.14077894 6.5197847e-13
3.6212598 -0.14023193 -0.14023193 6.439016e-13
3.6275591 -0.13968623 -0.13968623 6.3613004e-13
3.6338583 -0.13914186 -0.13914186 6.3149486e-13
3.6401575 -0.13859882 -0.13859882 6.2602701e-13
3.6464567 -0.13805711 -0.13805711 6.1911587e-13
3.6527559 -0.13751673 -0.13751673 6.0751404e-13
3.6590551 -0.13697771 -0.13697771 6.0848548e-13
3.6653543 -0.13644002 -0.13644002 5.9804939e-13
3.6716535 -0.13590369 -0.13590369 5.8636429e-13
3.6779528 -0.13536872 -0.13536872 5.8575367e-13
3.684252 -0.1348351 -0.1348351 5.7631677e-13
3.6905512 -0.13430285 -0.13430285 5.7445715e-13
3.6968504 -0.13377197 -0.13377197 5.704881e-13
3.7031496 -0.13324246 -0.13324246 5.5713767e-13
3.7094488 -0.13271432 -0.13271432 5.5142002e-13
3.715748 -0.13218757 -0.13218757 5.4620197e-13
3.7220472 -0.13166219 -0.13166219 5.4151128e-13
3.7283465 -0.1311382 -0.1311382 5.3310134e-13
3.7346457 -0.1306156 -0.1306156 5.2846616e-13
3.7409449 -0.13009439 -0.13009439 5.2474691e-13
3.7472441 -0.12957458 -0.12957458 5.1664228e-13
3.7535433 -0.12905617 -0.12905617 5.0942583e-13
3.7598425 -0.12853915 -0.12853915 5.062617e-13
3.7661417 -0.12802355 -0.12802355 4.9879545e-13
3.7724409 -0.12750934 -0.12750934 4.9421578e-13
3.7787402 -0.12699655 -0.12699655 4.8852589e-13
3.7850394 -0.12648517 -0.12648517 4.8022697e-13
3.7913386 -0.12597521 -0.12597521 4.7636894e-13
3.7976378 -0.12546666 -0.12546666 4.7453708e-13
3.803937 -0.12495953 -0.12495953 4.6833371e-13
3.8102362 -0.12445383 -0.12445383 4.5813353e-13
3.8165354 -0.12394954 -0.12394954 4.5748128e-13
3.8228346 -0.12344669 -0.12344669 4.4970971e-13
3.8291339 -0.12294526 -0.12294526 4.4209081e-13
3.8354331 -0.12244526 -0.12244526 4.4206305e-13
3.8417323 -0.12194669 -0.12194669 4.3645643e-13
3.8480315 -0.12144956 -0.12144956 4.2713055e-13
3.8543307 -0.12095386 -0.12095386 4.2658932e-13
3.8606299 -0.1204596 -0.1204596 4.1810999e-13
3.8669291 -0.11996677 -0.11996677 4.1198989e-13
3.8732283 -0.11947539 -0.11947539 4.1285031e-13
3.8795276 -0.11898544 -0.11898544 4.0427384e-13
3.8858268 -0.11849694 -0.11849694 3.9891701e-13
3.892126 -0.11800988 -0.11800988 3.9752923e-13
3.8984252 -0.11752426 -0.11752426 3.9152015e-13
3.9047244 -0.11704009 -0.11704009 3.8516412e-13
3.9110236 -0.11655737 -0.11655737 3.7798931e-13
3.9173228 -0.1160761 -0.1160761 3.7908565e-13
3.923622 -0.11559627 -0.11559627 3.7565784e-13
3.9299213 -0.11511789 -0.11511789 3.6476377e-13
3.9362205 -0.11464096 -0.11464096 3.631262e-13
3.9425197 -0.11416549 -0.11416549 3.5763059e-13
3.9488189 -0.11369146 -0.11369146 3.5485503e-13
3.9551181 -0.11321888 -0.11321888 3.5066394e-13
3.9614173 -0.11274776 -0.11274776 3.4663938e-13
3.9677165 -0.11227809 -0.11227809 3.4434955e-13
3.9740157 -0.11180987 -0.11180987 3.3487102e-13
3.980315 -0.11134311 -0.11134311 3.3165137e-13
3.9866142 -0.11087779 -0.11087779 3.3459346e-13
3.9929134 -0.11041394 -0.11041394 3.0112024e-13
3.9992126 -0.10995153 -0.10995153 4.1205928e-13
4.0055118 -0.10949058 -0.10949058 1.6542323e-14
4.011811 -0.10903108 -0.10903108 1.5566437e-12
4.0181102 -0.10857304 -0.10857304 4.3361842e-12
4.0244094 -0.10811645 -0.10811645 1.7643026e-11
4.0307087 -0.10766131 -0.10766131 6.4400221e-11
4.0370079 -0.10720762 -0.10720762 2.4176545e-10
4.0433071 -0.10675539 -0.10675539 9.0088276e-10
4.0496063 -0.10630461 -0.10630461 3.3635249e-09
4.0559055 -0.10585528 -0.10585527 1.2551477e-08
4.0622047 -0.10540741 -0.10540745 4.6844096e-08
4.0685039 -0.10496098 -0.1049608 1.748232e-07
4.0748031 -0.104516 -0.10451665 6.5245037e-07
4.0811024 -0.10407248 -0.10407004 2.4349766e-06
4.0874016 -0.1036304 -0.10363949 9.0874578e-06
4.0937008 -0.10318977 -0.10315585 3.3914853e-05
